=======================================================
  Nose-Hoover MD  –  LJ fluid (reduced units)
=======================================================
  N       = 108,   ρ = 0.800,   L = 5.1299
  T_target= 1.0,  dt = 0.002,  τ_NH = 0.5
  Q       = 80.2500,  Nf = 321,  rc = 2.500
=======================================================

    Step         T          KE            PE         E_tot          ξ         P
-------------------------------------------------------------------------------
       0    0.9999    160.4770     -686.0510     -525.5740   -0.00000   -5.4074
     500    1.1894    190.9042     -545.4102     -354.5060   -0.98698    2.1504
    1000    1.1077    177.7857     -521.1102     -343.3245    0.94194    3.2196
    1500    0.5427     87.1020     -593.0487     -505.9466   -0.13169   -0.5155
    2000    1.2569    201.7279     -505.8740     -304.1462   -0.65563    3.6994
    2500    0.9991    160.3597     -556.8354     -396.4757    0.86440    1.3555
    3000    0.7041    113.0043     -599.4506     -486.4464   -0.35173   -0.5437
    3500    1.3811    221.6644     -507.5165     -285.8522   -0.36641    3.7678
    4000    0.8029    128.8650     -564.5713     -435.7064    0.65224    1.1590
    4500    0.8222    131.9576     -577.1502     -445.1926   -0.50422    0.3860
    5000    1.4330    229.9963     -530.5484     -300.5520    0.08214    3.0325
    5500    0.7350    117.9675     -572.0819     -454.1144    0.37874    0.7730
    6000    0.8795    141.1600     -553.5623     -412.4022   -0.54058    1.3722
    6500    1.2912    207.2401     -538.0159     -330.7758    0.32235    2.6058
    7000    0.7149    114.7488     -568.0143     -453.2655    0.14185    0.8808
    7500    1.0073    161.6720     -535.0544     -373.3824   -0.46998    2.2159
    8000    1.1495    184.4928     -539.3561     -354.8633    0.45328    2.4311
    8500    0.7348    117.9407     -578.7263     -460.7857   -0.04438    0.3341
    9000    1.2422    199.3735     -545.2318     -345.8584   -0.28944    2.2839
    9500    0.9905    158.9804     -548.9062     -389.9258    0.37792    1.9155
   10000    0.7804    125.2562     -560.0189     -434.7627   -0.16775    1.2952
   10500    1.1296    181.2946     -526.6940     -345.3994   -0.08843    2.8037
   11000    0.8723    139.9987     -557.2689     -417.2703    0.30564    1.1738
   11500    0.9034    145.0028     -566.1039     -421.1011   -0.30232    1.1223
   12000    1.2220    196.1375     -546.5162     -350.3788    0.09510    1.8396
   12500    0.8797    141.1925     -569.6309     -428.4384    0.13250    0.8682
   13000    1.0319    165.6251     -558.2642     -392.6391   -0.24397    1.5041
   13500    1.1088    177.9636     -545.4483     -367.4847    0.16556    2.1538
   14000    0.9431    151.3654     -571.4753     -420.1098    0.01820    0.7741
   14500    0.9898    158.8610     -543.8496     -384.9886   -0.20118    2.2335
   15000    1.0891    174.8071     -540.9369     -366.1298    0.16414    2.0415
   15500    0.9024    144.8403     -570.1822     -425.3419    0.02031    0.7394
   16000    1.1555    185.4651     -563.0593     -377.5942   -0.17647    1.4119
   16500    1.0212    163.9088     -550.7796     -386.8708    0.17996    1.4346
   17000    0.8936    143.4292     -551.7771     -408.3478   -0.05508    1.5587
   17500    1.0537    169.1265     -544.5275     -375.4010   -0.04150    2.0363
   18000    0.9057    145.3598     -552.8891     -407.5294    0.12682    1.5915
   18500    0.9285    149.0228     -548.8822     -399.8593   -0.19060    1.8886
   19000    1.1108    178.2875     -553.1600     -374.8725    0.08646    1.7931
   19500    0.9532    152.9890     -562.6006     -409.6116    0.09184    1.2783

==================================================
  Production averages
==================================================
  T_target = 1.0000
  <T>      = 0.9982 ± 0.1463
  <KE>     = 160.2150
  <PE>     = -554.3874
  <E_tot>  = -394.1723
  <P>      = 1.5828
  ΔH*/H*   = 1.53e-04  (NH conserved quantity drift)
==================================================