       0.921611     288.748926
       0.916432     262.862002
       0.910108     231.925698
       0.903679     203.254925
       0.897171     176.536097
       0.890623     151.536739
       0.884063     128.093346
       0.877512     106.082727
       0.870984      85.405343
       0.864487      65.976208
       0.858029      47.720004
       0.851614      30.568406
       0.845245      14.458561
       0.838924      -0.667849
       0.832652     -14.865225
       0.826431     -28.184500
       0.820261     -40.673482
       0.813453     -52.377140
       0.807395     -63.337837
       0.795611     -73.595535
       0.786168     -83.187970
       0.769160     -92.150814
       0.752602    -100.517812
       0.743970    -108.320911
       0.738161    -115.590376
       0.730428    -122.354896
       0.723419    -128.641679
       0.716825    -134.476546
       0.708543    -139.884013
       0.701684    -144.887370
       0.693685    -149.508753
       0.686695    -153.769218
       0.679355    -157.688798
       0.667704    -161.286575
       0.656182    -164.580731
       0.650120    -167.588608
       0.631646    -170.326758
       0.626946    -172.810996
       0.622768    -175.056446
       0.618650    -177.077586
       0.614032    -178.888287
       0.608742    -180.501852
       0.602993    -181.931051
       0.598073    -183.188147
       0.594361    -184.284929
       0.590733    -185.232739
       0.587196    -186.042511
       0.583757    -186.724829
       0.578586    -187.290017
       0.568164    -187.748293
       0.565163    -188.109985
       0.561204    -188.385826
       0.554807    -188.587261
       0.552101    -188.726652
       0.542574    -188.817183
       0.540155    -188.872273
       0.538161    -188.904473
       0.536820    -188.924167
       0.536004    -188.938682
       0.534703    -188.952444
       0.533677    -188.968336
       0.532950    -188.989897
       0.532353    -189.023554
       0.532074    -189.080061
       0.532967    -189.174312
       0.531088    -189.322978
       0.531936    -189.540048
       0.533312    -189.831668
       0.552076    -190.192980
       0.554456    -190.609703
       0.552450    -191.065043
       0.560214    -191.549295
       0.565180    -192.067001
       0.568626    -192.636492
       0.558820    -193.279948
       0.555451    -194.008647
       0.558975    -194.813132
       0.556032    -195.665219
       0.558534    -196.529695
       0.557454    -197.377519
       0.560618    -198.193866
       0.564663    -198.979171
       0.568725    -199.744391
       0.560130    -200.502864
       0.563720    -201.261985
       0.566836    -202.018449
       0.563543    -202.759518
       0.566188    -203.469341
       0.568913    -204.136448
       0.567044    -204.758215
       0.567019    -205.340299
       0.567397    -205.891921
       0.570157    -206.420211
       0.570739    -206.927377
       0.571846    -207.412584
       0.574295    -207.876890
       0.576357    -208.327016
       0.578781    -208.774254
       0.580735    -209.228769
       0.582612    -209.694242
       0.585055    -210.168057
       0.587309    -210.647064
       0.589884    -211.133951
       0.588885    -211.639412
       0.584366    -212.178786
       0.586567    -212.765060
       0.586051    -213.402076
       0.578369    -214.081806
       0.579671    -214.787069
       0.581181    -215.497575
       0.577305    -216.195801
       0.573177    -216.870772
       0.572255    -217.519700
       0.572319    -218.147806
       0.569101    -218.765722
       0.568693    -219.384147
       0.568939    -220.007632
       0.571897    -220.631501
       0.569583    -221.244217
       0.570323    -221.832927
       0.571066    -222.387908
       0.568779    -222.903870
       0.569490    -223.379202
       0.574460    -223.814970
       0.568005    -224.214436
       0.565500    -224.582757
       0.566021    -224.926438
       0.563820    -225.252468
       0.556160    -225.567273
       0.554022    -225.875717
       0.554569    -226.180509
       0.555524    -226.482486
       0.552464    -226.781820
       0.546413    -227.079492
       0.544390    -227.377796
       0.545618    -227.678923
       0.546613    -227.981997
       0.546902    -228.280589
       0.551813    -228.563071
       0.555029    -228.816356
       0.555488    -229.031154
       0.552537    -229.206223
       0.553572    -229.350079
       0.553652    -229.479829
       0.548299    -229.617341
       0.545792    -229.783439
       0.544908    -229.991794
       0.544981    -230.244990
       0.543962    -230.534743
       0.541437    -230.845980
       0.541109    -231.162322
       0.540826    -231.470225
       0.541256    -231.760761
       0.535653    -232.029893
       0.535868    -232.278714
       0.538470    -232.514027
       0.536222    -232.748159
       0.535829    -232.996306
       0.538620    -233.271078
       0.531202    -233.576360
       0.532982    -233.904016
       0.531924    -234.235610
       0.532435    -234.548146
       0.554759    -234.820417
       0.556064    -235.036959
       0.566983    -235.189041
       0.566299    -235.274317
       0.567795    -235.297131
       0.567751    -235.270062
       0.567326    -235.215067
       0.562433    -235.161012
       0.558760    -235.135861
       0.561710    -235.157260
       0.564001    -235.229129
       0.556602    -235.346756
       0.555224    -235.503982
       0.555288    -235.695595
       0.553690    -235.915385
       0.553255    -236.154793
       0.552646    -236.404832
       0.553360    -236.659234
       0.553644    -236.915257
       0.548953    -237.171153
       0.551247    -237.423018
       0.555880    -237.664562
       0.552689    -237.890788
       0.563873    -238.102868
       0.564273    -238.310230
       0.569012    -238.527589
       0.568870    -238.767883
       0.571253    -239.034723
       0.571634    -239.318538
       0.571646    -239.598776
       0.573023    -239.851641
       0.571095    -240.060374
       0.571261    -240.223558
       0.562609    -240.356376
       0.560352    -240.482086
       0.560969    -240.618121
       0.561564    -240.767980
       0.561894    -240.925779
       0.562441    -241.087573
       0.561960    -241.258104
       0.566916    -241.447895
       0.568030    -241.664087
       0.569273    -241.902655
       0.569697    -242.148155
       0.573649    -242.381276
       0.570707    -242.589071
       0.575851    -242.771971
       0.574927    -242.944427
       0.575687    -243.128811
       0.591147    -243.344698
       0.591131    -243.598525
       0.592065    -243.879739
       0.588567    -244.165818
       0.587133    -244.432479
       0.583362    -244.662743
       0.574264    -244.850608
       0.572503    -244.998768
       0.556558    -245.112476
       0.556874    -245.192902
       0.556644    -245.232949
       0.555185    -245.217124
       0.555603    -245.125992
       0.553015    -244.945457
       0.553323    -244.680224
       0.549193    -244.366253
       0.552477    -244.069068
       0.552316    -243.855824
       0.537966    -243.754803
       0.532189    -243.740406
       0.531802    -243.755301
       0.534426    -243.741214
       0.532134    -243.656904
       0.532385    -243.486172
       0.536743    -243.242586
       0.556037    -242.969645
       0.555526    -242.730661
       0.568969    -242.586567
       0.567522    -242.570957
       0.565618    -242.678757
       0.572806    -242.875361
       0.568947    -243.115663
       0.568258    -243.359119
       0.566435    -243.577000
       0.569063    -243.754547
       0.568560    -243.890071
       0.552510    -243.991623
       0.550354    -244.072169
       0.548459    -244.144578
       0.551021    -244.217389
       0.549564    -244.291604
       0.545618    -244.358952
       0.551975    -244.403057
       0.557956    -244.405037
       0.556903    -244.353041
       0.547038    -244.252494
       0.551427    -244.131930
       0.565284    -244.038675
       0.568779    -244.021384
       0.564214    -244.106341
       0.564009    -244.284726
       0.568325    -244.521738
       0.559987    -244.778324
       0.557246    -245.027964
       0.546867    -245.261024
       0.542982    -245.480276
       0.550811    -245.693667
       0.548993    -245.908139
       0.551569    -246.126203
       0.552414    -246.346082
       0.554881    -246.564635
       0.555829    -246.780220
       0.556142    -246.992613
       0.555594    -247.200522
       0.549577    -247.400045
       0.549793    -247.586314
       0.551467    -247.757201
       0.543722    -247.916652
       0.553660    -248.075880
       0.555012    -248.251501
       0.549952    -248.460502
       0.546742    -248.713450
       0.543705    -249.008836
       0.546590    -249.331522
       0.545514    -249.656344
       0.545714    -249.955392
       0.544801    -250.205888
       0.543367    -250.395884
       0.544015    -250.526522
       0.543873    -250.611123
       0.524057    -250.672041
       0.521777    -250.735741
       0.518395    -250.825436
       0.519518    -250.951449
       0.517375    -251.103807
       0.519125    -251.253598
       0.525366    -251.363347
       0.528137    -251.399846
       0.526804    -251.345086
       0.524881    -251.205883
       0.525187    -251.019945
       0.550905    -250.847337
       0.543328    -250.739098
       0.530339    -250.703488
       0.527826    -250.707216
       0.547873    -250.709093
       0.548850    -250.686253
       0.545619    -250.634436
       0.546629    -250.555244
       0.536274    -250.446792
       0.551697    -250.303491
       0.551397    -250.121751
       0.556345    -249.905654
       0.552134    -249.669083
       0.552366    -249.434412
       0.556745    -249.228923
       0.606015    -249.078569
       0.597322    -248.998845
       0.597468    -248.987127
       0.603547    -249.023749
       0.600364    -249.083252
       0.602618    -249.148031
       0.604443    -249.214870
       0.602916    -249.290714
       0.607666    -249.381008
       0.579669    -249.478922
       0.577419    -249.563853
       0.578592    -249.610961
       0.583774    -249.605164
       0.582353    -249.550592
       0.578910    -249.470350
       0.583738    -249.397265
       0.582576    -249.361386
       0.579149    -249.382292
       0.580842    -249.469913
       0.578821    -249.628857
       0.579736    -249.858372
       0.584962    -250.147115
       0.584668    -250.469027
       0.584137    -250.785430
       0.582870    -251.052558
       0.576572    -251.230379
       0.562997    -251.289398
       0.568190    -251.214790
       0.550895    -251.009069
       0.549143    -250.694076
       0.549540    -250.310862
       0.547876    -249.914508
       0.549025    -249.562934
       0.549094    -249.303786
       0.547457    -249.165219
       0.547599    -249.152125
       0.556416    -249.246040
       0.555813    -249.409892
       0.557676    -249.599973
       0.573187    -249.781832
       0.572710    -249.941621
       0.568155    -250.086970
       0.548591    -250.237919
       0.533351    -250.413452
       0.518975    -250.620982
       0.520953    -250.853656
       0.527417    -251.094607
       0.531593    -251.323404
       0.535559    -251.521123
       0.531577    -251.673710
       0.530888    -251.774975
       0.530967    -251.830314
       0.526842    -251.860202
       0.519712    -251.898772
       0.524193    -251.981519
       0.523632    -252.123693
       0.526893    -252.304391
       0.524938    -252.472201
       0.541750    -252.569446
       0.536726    -252.557228
       0.535068    -252.429266
       0.536943    -252.214810
       0.536486    -251.974356
       0.536166    -251.786707
       0.543485    -251.722431
       0.535606    -251.809541
       0.533725    -252.016402
       0.528052    -252.271307
       0.525063    -252.503841
       0.514632    -252.676167
       0.516343    -252.788123
       0.511741    -252.859724
       0.495543    -252.906127
       0.504638    -252.923970
       0.506653    -252.897390
       0.498107    -252.814093
       0.496541    -252.676801
       0.496994    -252.503697
       0.496226    -252.319315
       0.491959    -252.142111
       0.497234    -251.978994
       0.496494    -251.832956
       0.496886    -251.714131
       0.497029    -251.637545
       0.508589    -251.607541
       0.508899    -251.608255
       0.507919    -251.613478
       0.508190    -251.606158
       0.510643    -251.588907
       0.519214    -251.577409
       0.517331    -251.583357
       0.517342    -251.602603
       0.517422    -251.619151
       0.518390    -251.619261
       0.518370    -251.601674
       0.527382    -251.577033
       0.529809    -251.559612
       0.527700    -251.558351
       0.522945    -251.572697
       0.519703    -251.594613
       0.526326    -251.613607
       0.522030    -251.620373
       0.521166    -251.607747
       0.515909    -251.571524
       0.518616    -251.513825
       0.518890    -251.447954
       0.517185    -251.399655
       0.513803    -251.399124
       0.511914    -251.463769
       0.512621    -251.582197
       0.509203    -251.715011
       0.507780    -251.816881
       0.507412    -251.865250
       0.507344    -251.873847
       0.517332    -251.880006
       0.521700    -251.914156
       0.529663    -251.974374
       0.535389    -252.024955
       0.534694    -252.017809
       0.540815    -251.920118
       0.543620    -251.733021
       0.549272    -251.495599
       0.545722    -251.275109
       0.547161    -251.145141
       0.531532    -251.155111
       0.531587    -251.305188
       0.531493    -251.546034
       0.513621    -251.804492
       0.516080    -252.016049
       0.515679    -252.147727
       0.510493    -252.206889
       0.499452    -252.234720
       0.494267    -252.283268
       0.494919    -252.383612
       0.497546    -252.525207
       0.503565    -252.662134
       0.503160    -252.740498
       0.517254    -252.728570
       0.517465    -252.635879
       0.507321    -252.514549
       0.507762    -252.439491
       0.507449    -252.471659
       0.506943    -252.624055
       0.507320    -252.856360
       0.502896    -253.101965
       0.503200    -253.302749
       0.503460    -253.428135
       0.507760    -253.475338
       0.505878    -253.459444
       0.512171    -253.401412
       0.509251    -253.318038
       0.525867    -253.215733
       0.528158    -253.089843
       0.530188    -252.930390
       0.546310    -252.731556
       0.546481    -252.498968
       0.554541    -252.250437
       0.541335    -252.011742
       0.528732    -251.812486
       0.518685    -251.682315
       0.528962    -251.642141
       0.528575    -251.691314
       0.532393    -251.802592
       0.537547    -251.932403
       0.533996    -252.039067
       0.528950    -252.096823
       0.521775    -252.100057
       0.526011    -252.059290
       0.531992    -251.993999
       0.521884    -251.926958
       0.516555    -251.881990
       0.516452    -251.884057
       0.516502    -251.959101
       0.514902    -252.130255
       0.521880    -252.407242
       0.516900    -252.770755
       0.510739    -253.163348
       0.495714    -253.499654
       0.495172    -253.693115
       0.494526    -253.682906
       0.494515    -253.450215
       0.490793    -253.025453
       0.493769    -252.490715
       0.491438    -251.972579
       0.498211    -251.609176
       0.500120    -251.488877
       0.499056    -251.600343
       0.501914    -251.841607
       0.502324    -252.079300
       0.502940    -252.207854
       0.493238    -252.177258
       0.489967    -251.992681
       0.501893    -251.700736
       0.501979    -251.369085
       0.523876    -251.060269
       0.523230    -250.810155
       0.519468    -250.628758
       0.519236    -250.520048
       0.514906    -250.493019
       0.515994    -250.551765
       0.515340    -250.681837
       0.513951    -250.848686
       0.518823    -251.005962
       0.515202    -251.107091
       0.519709    -251.119195
       0.519344    -251.040144
       0.518870    -250.912865
       0.512101    -250.819074
       0.504177    -250.837485
       0.505104    -250.990605
       0.519877    -251.234100
       0.516326    -251.497572
       0.546000    -251.730295
       0.532750    -251.918097
       0.531290    -252.071978
       0.520993    -252.204470
       0.514193    -252.314515
       0.514100    -252.393582
       0.518702    -252.444084
       0.519367    -252.488655
       0.511200    -252.558121
       0.505262    -252.665095
       0.504593    -252.784994
       0.508297    -252.863870
       0.499848    -252.850215
       0.499035    -252.728504
       0.498624    -252.532928
       0.497116    -252.331045
       0.494347    -252.183913
       0.497236    -252.112311
       0.495755    -252.099291
       0.487648    -252.121309
       0.488281    -252.174604
       0.488110    -252.279921
       0.486775    -252.468290
       0.486120    -252.754505
       0.485567    -253.113216
       0.485469    -253.480460
       0.483026    -253.783098
       0.482839    -253.970914
       0.482661    -254.030772
       0.480354    -253.983031
       0.480175    -253.869145
       0.479864    -253.737767
       0.481085    -253.633252
       0.478254    -253.587140
       0.476103    -253.611845
       0.477966    -253.698588
       0.481187    -253.823347
       0.490312    -253.959142
       0.490608    -254.086244
       0.490888    -254.193102
       0.490612    -254.269486
       0.488762    -254.300538
       0.489921    -254.268426
       0.488203    -254.160053
       0.484632    -253.974669
       0.486637    -253.727221
       0.486837    -253.446849
       0.486775    -253.172125
       0.503553    -252.946508
       0.496853    -252.815869
       0.490299    -252.821108
       0.491532    -252.978032
       0.486265    -253.257906
       0.483345    -253.592817
       0.484353    -253.902659
       0.491796    -254.119405
       0.485442    -254.198725
       0.484265    -254.125624
       0.483276    -253.918741
       0.491676    -253.629539
       0.496146    -253.329587
       0.508001    -253.085213
       0.507753    -252.932248
       0.506954    -252.869410
       0.505566    -252.873167
       0.505708    -252.917127
       0.504080    -252.980390
       0.505580    -253.045051
       0.511246    -253.092609
       0.506693    -253.106775
       0.504217    -253.081923
       0.507212    -253.030171
       0.513761    -252.979459
       0.512068    -252.960337
       0.505987    -252.987846
       0.504405    -253.050398
       0.508666    -253.113262
       0.501113    -253.133790
       0.517779    -253.079357
       0.520130    -252.940228
       0.520223    -252.733574
       0.518956    -252.498093
       0.514858    -252.281328
       0.520817    -252.124309
       0.524043    -252.049936
       0.526956    -252.059605
       0.529832    -252.135738
       0.531902    -252.244570
       0.515637    -252.340881
       0.517322    -252.382103
       0.517241    -252.351518
       0.506928    -252.277682
       0.509158    -252.231187
       0.513353    -252.286887
       0.515085    -252.470103
       0.517513    -252.736786
       0.518306    -253.009896
       0.516630    -253.232253
       0.518483    -253.390393
       0.518403    -253.503234
       0.532649    -253.594339
       0.531397    -253.669222
       0.531428    -253.710240
       0.515694    -253.687986
       0.520130    -253.579088
       0.514537    -253.381008
       0.514911    -253.119305
       0.517710    -252.845369
       0.512398    -252.623192
       0.514141    -252.507082
       0.508466    -252.519436
       0.502736    -252.641653
       0.499581    -252.824530
       0.499655    -253.011350
       0.501207    -253.160242
       0.501301    -253.256466
       0.501611    -253.311114
       0.506034    -253.345568
       0.505382    -253.367916
       0.501259    -253.358858
       0.496617    -253.281477
       0.489797    -253.108029
       0.490152    -252.842572
       0.495587    -252.522831
       0.494829    -252.201326
       0.497110    -251.924927
       0.492093    -251.730427
       0.494782    -251.647363
       0.499974    -251.692436
       0.500230    -251.861622
       0.493747    -252.130893
       0.495156    -252.461448
       0.493552    -252.804097
       0.501894    -253.105813
       0.501484    -253.319808
       0.496548    -253.415214
       0.498045    -253.383632
       0.497002    -253.242368
       0.497235    -253.032892
       0.494913    -252.811449
       0.510728    -252.631461
       0.524963    -252.524308
       0.512483    -252.489237
       0.515984    -252.498068
       0.516005    -252.510526
       0.507086    -252.491626
       0.505899    -252.424785
       0.507335    -252.317179
       0.496868    -252.195149
       0.491925    -252.091166
       0.488314    -252.030437
       0.473527    -252.026593
       0.474752    -252.085906
       0.483777    -252.208405
       0.483185    -252.379598
       0.478692    -252.563855
       0.479387    -252.713766
       0.480765    -252.792647
       0.490200    -252.793470
       0.490989    -252.740770
       0.489355    -252.674840
       0.490327    -252.629352
       0.499609    -252.616670
       0.500112    -252.626982
       0.496923    -252.637807
       0.495266    -252.628472
       0.497643    -252.594803
       0.497747    -252.557182
       0.500362    -252.553524
       0.499706    -252.614623
       0.499693    -252.736074
       0.524025    -252.871827
       0.517670    -252.956992
       0.519940    -252.941155
       0.522755    -252.811117
       0.540615    -252.595353
       0.556051    -252.351385
       0.555234    -252.141167
       0.553621    -252.004874
       0.554168    -251.947089
       0.555337    -251.943585
       0.550471    -251.962890
       0.559197    -251.987397
       0.558252    -252.021911
       0.541962    -252.087644
       0.538519    -252.207619
       0.543464    -252.392464
       0.538354    -252.634429
       0.538588    -252.911826
       0.539552    -253.199207
       0.516440    -253.476035
       0.517266    -253.729946
       0.516932    -253.955149
       0.514232    -254.148619
       0.510186    -254.307032
       0.516580    -254.426258
       0.512541    -254.502921
       0.496642    -254.535894
       0.501308    -254.526251
       0.503958    -254.475879
       0.503048    -254.386258
       0.502299    -254.259345
       0.498241    -254.101673
       0.502244    -253.929908
       0.502786    -253.772338
       0.495390    -253.660774
       0.494613    -253.614579
       0.491660    -253.627560
       0.490210    -253.667891
       0.489601    -253.690831
       0.498679    -253.655538
       0.498586    -253.537821
       0.497404    -253.336616
       0.500699    -253.075564
       0.493346    -252.799116
       0.500133    -252.561382
       0.500514    -252.409921
       0.505338    -252.371310
       0.504482    -252.444889
       0.508838    -252.606512
       0.502710    -252.819529
       0.497868    -253.047604
       0.502185    -253.263935
       0.511417    -253.454115
       0.504476    -253.613346
       0.505352    -253.740761
       0.504405    -253.833981
       0.505634    -253.886580
       0.506613    -253.889740
       0.514005    -253.837223
       0.505258    -253.731047
       0.496466    -253.585730
       0.485954    -253.430264
       0.481100    -253.306357
       0.480533    -253.259200
       0.485202    -253.319408
       0.509025    -253.485048
       0.503535    -253.719243
       0.491983    -253.967718
       0.491555    -254.182838
       0.491353    -254.338303
       0.491431    -254.430149
       0.489675    -254.468951
       0.490910    -254.470268
       0.491079    -254.448964
       0.485116    -254.420272
       0.484670    -254.405740
       0.482772    -254.436424
       0.482399    -254.544691
       0.480542    -254.745765
       0.480582    -255.023712
       0.480329    -255.335842
       0.482588    -255.631966
       0.478707    -255.873276
       0.473838    -256.041804
       0.466880    -256.141542
       0.468567    -256.193298
       0.466091    -256.221546
       0.465658    -256.235728
       0.464455    -256.220601
       0.469518    -256.148707
       0.472278    -256.007475
       0.468241    -255.820783
       0.466199    -255.649781
       0.469061    -255.566325
       0.465995    -255.608255
       0.467146    -255.749979
       0.460693    -255.917363
       0.460410    -256.032040
       0.467576    -256.047867
       0.470956    -255.963998
       0.472655    -255.819952
       0.472422    -255.677672
       0.472184    -255.592756
       0.472872    -255.585852
       0.472268    -255.633891
       0.471751    -255.689659
       0.463351    -255.714467
       0.464034    -255.699719
       0.469558    -255.665561
       0.474222    -255.642839
       0.473522    -255.654565
       0.468353    -255.708694
       0.467987    -255.800721
       0.464438    -255.918015
       0.473638    -256.042915
       0.472878    -256.156972
       0.474800    -256.246682
       0.469278    -256.306510
       0.464026    -256.335525
       0.463787    -256.330337
       0.464585    -256.282068
       0.467890    -256.181926
       0.464078    -256.031159
       0.471472    -255.846579
       0.466681    -255.656027
       0.471634    -255.485514
       0.465309    -255.346491
       0.459979    -255.233132
       0.459410    -255.132780
       0.457749    -255.042297
       0.463779    -254.978235
       0.464790    -254.971559
       0.461458    -255.045883
       0.462017    -255.191557
       0.467193    -255.357732
       0.467590    -255.473110
       0.467313    -255.481244
       0.483815    -255.368123
       0.485023    -255.169958
       0.485315    -254.957383
       0.486476    -254.798711
       0.489166    -254.721796
       0.492028    -254.705267
       0.502795    -254.706409
       0.506351    -254.698085
       0.512107    -254.683747
       0.505135    -254.681106
       0.503295    -254.693497
       0.495428    -254.703645
       0.489230    -254.697310
       0.486292    -254.684793
       0.490944    -254.694276
       0.490422    -254.746416
       0.497921    -254.836585
       0.503204    -254.937574
       0.502286    -255.015222
       0.497931    -255.044108
       0.503655    -255.016197
       0.503987    -254.941195
       0.501291    -254.840502
       0.505971    -254.738203
       0.513099    -254.652766
       0.513779    -254.592294
       0.520542    -254.554524
       0.497610    -254.531064
       0.496067    -254.515384
       0.495507    -254.512246
       0.486508    -254.540481
       0.488535    -254.621234
       0.489085    -254.757273
       0.480849    -254.922592
       0.480221    -255.073857
       0.479240    -255.173103
       0.476157    -255.203762
       0.477467    -255.172929
       0.482013    -255.102555
       0.484448    -255.014767
       0.485449    -254.919342
       0.478818    -254.813980
       0.481922    -254.701252
       0.476771    -254.610938
       0.469215    -254.605167
       0.473649    -254.745414
       0.476822    -255.033188
       0.475271    -255.388767
       0.472985    -255.704939
       0.464870    -255.916587
       0.463961    -256.023834
       0.459789    -256.072312
       0.461397    -256.117529
       0.458757    -256.191188
       0.457221    -256.282857
       0.461203    -256.347425
       0.460693    -256.334802
       0.465605    -256.223591
       0.456212    -256.040183
       0.457134    -255.853583
       0.456273    -255.744311
       0.455988    -255.758578
       0.474627    -255.877135
       0.469903    -256.025910
       0.471010    -256.121466
       0.457187    -256.118109
       0.456550    -256.030867
       0.460783    -255.925013
       0.464671    -255.874861
       0.468099    -255.915573
       0.470832    -256.025575
       0.466088    -256.147336
       0.467578    -256.217328
       0.465727    -256.185584
       0.472738    -256.028462
       0.468912    -255.758501
       0.466346    -255.426830
       0.465086    -255.110988
       0.471515    -254.885675
       0.479066    -254.787569
       0.479393    -254.799029
       0.476811    -254.866895
       0.476158    -254.942513
       0.473644    -255.010468
       0.473294    -255.085089
       0.478602    -255.183614
       0.466672    -255.305342
       0.465256    -255.432687
       0.472441    -255.541013
       0.459473    -255.602053
       0.456656    -255.585520
       0.459490    -255.469455
       0.458999    -255.257508
       0.448112    -254.990369
       0.446468    -254.738329
       0.442549    -254.571547
       0.440811    -254.523083
       0.441982    -254.573437
       0.437663    -254.670828
       0.440921    -254.768668
       0.441091    -254.850621
       0.456081    -254.930988
       0.456212    -255.037390
       0.454665    -255.190086
       0.457151    -255.390218
       0.457997    -255.621173
       0.458525    -255.857557
       0.458086    -256.073369
       0.466611    -256.247169
       0.468919    -256.366971
       0.461402    -256.434763
       0.462176    -256.465892
       0.463653    -256.480413
       0.468332    -256.490824
       0.466254    -256.493651
       0.464413    -256.467733
       0.462989    -256.379955
       0.464148    -256.200873
       0.472333    -255.925396
       0.467019    -255.582874
       0.465383    -255.226863
       0.455328    -254.916501
       0.455926    -254.705138
       0.455615    -254.626284
       0.460881    -254.671887
       0.463383    -254.795406
       0.465942    -254.949780
       0.468930    -255.118395
       0.466857    -255.309342
       0.466751    -255.527186
       0.468541    -255.753238
       0.473817    -255.949583
       0.473030    -256.076593
       0.473547    -256.107425
       0.478038    -256.035175
       0.477754    -255.874992
       0.476485    -255.660008
       0.473429    -255.429484
       0.477554    -255.214112
       0.477137    -255.027324
       0.477169    -254.866850
       0.476082    -254.723698
       0.475124    -254.592231
       0.474383    -254.475107
       0.475475    -254.379623
       0.478261    -254.308452
       0.485434    -254.254869
       0.484673    -254.208889
       0.484815    -254.166292
       0.483762    -254.129043
       0.483227    -254.100097
       0.485752    -254.084007
       0.486339    -254.094519
       0.479733    -254.161415
       0.469707    -254.329607
       0.463469    -254.642462
       0.463315    -255.107923
       0.458019    -255.670753
       0.461387    -256.221441
       0.457516    -256.637953
       0.460368    -256.829364
       0.457285    -256.764036
       0.449358    -256.485372
       0.449203    -256.113568
       0.437813    -255.811884
       0.438508    -255.704592
       0.443744    -255.799991
       0.445538    -255.998638
       0.446849    -256.170421
       0.448805    -256.219807
       0.452281    -256.109243
       0.456786    -255.857588
       0.456968    -255.528978
       0.458228    -255.213221
       0.466549    -254.992285
       0.461936    -254.899072
       0.466004    -254.898448
       0.465674    -254.914060
       0.467059    -254.879317
       0.480406    -254.772444
       0.479014    -254.622383
       0.484159    -254.493246
       0.474134    -254.451783
       0.483815    -254.527748
       0.484037    -254.699273
       0.484202    -254.918056
       0.487201    -255.140038
       0.480483    -255.332524
       0.473702    -255.468349
       0.469863    -255.525085
       0.473351    -255.492741
       0.484154    -255.386070
       0.483816    -255.255579
       0.479705    -255.184772
       0.479966    -255.257053
       0.483996    -255.498441
       0.483657    -255.846937
       0.476235    -256.187648
       0.477713    -256.415503
       0.472047    -256.471235
       0.456690    -256.348346
       0.467251    -256.091222
       0.464867    -255.788177
       0.461864    -255.548211
       0.469542    -255.457204
       0.464657    -255.533942
       0.462931    -255.720262
       0.458918    -255.917809
       0.458248    -256.046230
       0.460412    -256.082948
       0.458843    -256.061334
       0.460040    -256.032391
       0.461054    -256.020752
       0.459508    -256.011618
       0.460647    -255.974762
       0.460691    -255.895933
       0.462440    -255.789829
       0.461464    -255.695892
       0.449185    -255.665829
       0.449805    -255.742031
       0.449932    -255.930111
       0.449916    -256.184115
       0.450004    -256.418668
       0.449381    -256.540629
       0.449673    -256.482694
       0.449100    -256.229274
       0.456184    -255.832824
       0.466247    -255.411754
       0.461270    -255.110865
       0.460804    -255.028703
       0.452545    -255.164947
       0.454808    -255.432429
       0.458542    -255.713253
       0.457770    -255.910875
       0.450832    -255.975281
       0.441821    -255.905872
       0.449340    -255.741680
       0.452221    -255.542773
       0.461419    -255.366051
       0.454578    -255.245401
       0.454525    -255.188334
       0.453626    -255.188639
       0.455921    -255.239348
       0.456788    -255.332697
       0.460024    -255.450457
       0.460878    -255.558285
       0.461799    -255.612321
       0.456417    -255.575467
       0.452885    -255.436187
       0.453766    -255.222622
       0.458232    -255.003466
       0.458960    -254.866194
       0.452439    -254.873863
       0.455141    -255.026328
       0.452872    -255.260060
       0.451572    -255.488057
       0.451266    -255.646809
       0.460131    -255.720852
       0.458834    -255.736933
       0.464661    -255.736970
       0.456249    -255.750364
       0.442662    -255.782917
       0.447472    -255.822127
       0.456384    -255.848652
       0.451198    -255.847338
       0.449141    -255.815067
       0.455971    -255.762832
       0.459877    -255.711144
       0.463382    -255.681994
       0.475338    -255.693241
       0.473786    -255.757484
       0.470107    -255.878529
       0.469662    -256.039827
       0.471298    -256.198619
       0.471027    -256.303552
       0.469932    -256.323446
       0.466223    -256.261381
       0.472063    -256.149319
       0.468598    -256.032340
       0.464852    -255.948553
       0.462818    -255.910210
       0.454305    -255.897082
       0.455655    -255.870193
       0.455390    -255.797774
       0.461160    -255.674738
       0.460854    -255.525457
       0.461539    -255.392967
       0.458051    -255.320245
       0.464054    -255.328057
       0.475707    -255.400742
       0.480101    -255.494215
       0.474606    -255.563574
       0.480737    -255.590089
       0.475269    -255.590439
       0.473126    -255.604913
       0.469059    -255.672118
       0.469629    -255.804473
       0.466555    -255.978993
       0.465366    -256.148473
       0.460118    -256.265628
       0.454224    -256.306143
       0.447418    -256.277441
       0.447939    -256.207238
       0.452105    -256.120083
       0.451498    -256.022580
       0.451269    -255.910605
       0.450068    -255.787822
       0.450163    -255.674541
       0.457100    -255.599007
       0.453720    -255.579398
       0.458620    -255.609123
       0.461186    -255.653895
       0.463727    -255.663444
       0.472436    -255.594003
       0.471069    -255.431102
       0.472187    -255.201095
       0.457015    -254.963294
       0.467408    -254.782178
       0.466323    -254.694056
       0.466698    -254.692451
       0.469605    -254.740599
       0.470886    -254.793528
       0.464300    -254.811586
       0.461457    -254.766211
       0.464792    -254.647973
       0.467566    -254.478716
       0.466949    -254.316624
       0.461483    -254.238513
       0.465914    -254.298204
       0.472082    -254.490239
       0.477807    -254.755869
       0.477613    -255.026590
       0.489990    -255.263494
       0.482924    -255.464244
       0.477948    -255.641901
       0.483419    -255.798083
       0.482117    -255.912043
       0.481075    -255.950413
       0.471738    -255.885991
       0.471179    -255.712974
       0.477297    -255.453878
       0.477233    -255.157232
       0.477070    -254.884454
       0.487704    -254.687551
       0.481698    -254.590103
       0.483140    -254.587447
       0.485717    -254.664507
       0.490677    -254.811329
       0.485393    -255.022267
       0.469153    -255.283475
       0.466845    -255.563103
       0.467215    -255.814383
       0.461599    -255.990642
       0.460197    -256.062436
       0.462895    -256.026682
       0.470062    -255.904193
       0.470838    -255.729146
       0.470750    -255.537054
       0.470188    -255.354572
       0.465492    -255.191730
       0.464978    -255.043013
       0.458875    -254.904833
       0.458326    -254.797508
       0.461030    -254.765500
       0.457070    -254.848815
       0.457806    -255.049925
       0.457106    -255.325510
       0.456879    -255.605922
       0.462533    -255.823231
       0.458515    -255.932558
       0.461132    -255.923655
       0.460776    -255.822953
       0.458602    -255.683705
       0.454291    -255.562323
       0.479308    -255.488531
       0.473634    -255.449437
       0.457567    -255.403607
       0.455342    -255.316282
       0.454539    -255.188093
       0.449985    -255.056326
       0.446442    -254.969925
       0.456412    -254.957776
       0.461750    -255.009889
       0.462076    -255.077832
       0.464044    -255.092634
       0.463498    -254.994724
       0.467331    -254.764407
       0.467349    -254.439555
       0.467481    -254.110826
       0.462194    -253.890739
       0.457219    -253.865971
       0.459331    -254.058472
       0.457762    -254.419333
       0.467752    -254.855226
       0.462759    -255.266814
       0.460973    -255.579128
       0.464968    -255.755823
       0.465244    -255.798837
       0.461100    -255.738932
       0.461039    -255.623029
       0.461284    -255.502089
       0.462894    -255.419846
       0.457687    -255.402025
       0.447625    -255.449609
       0.447831    -255.542194
       0.449338    -255.651261
       0.448709    -255.754600
       0.451971    -255.843484
       0.451761    -255.921707
       0.447966    -256.000179
       0.461423    -256.090477
       0.461765    -256.199352
       0.463833    -256.325776
       0.463029    -256.461568
       0.462949    -256.594755
       0.466244    -256.713173
       0.465343    -256.806568
       0.457397    -256.867841
       0.457256    -256.894856
       0.457077    -256.892391
       0.454162    -256.871521
       0.452079    -256.844605
       0.452426    -256.818339
       0.455316    -256.789722
       0.459840    -256.746826
       0.461413    -256.672202
       0.460182    -256.547359
       0.462872    -256.359756
       0.464758    -256.112729
       0.466421    -255.833234
       0.463125    -255.568640
       0.476092    -255.368309
       0.476656    -255.257947
       0.471460    -255.226816
       0.473783    -255.240763
       0.474629    -255.267833
       0.470762    -255.294456
       0.469881    -255.327151
       0.475461    -255.386738
       0.469201    -255.498978
       0.475396    -255.680776
       0.474833    -255.925336
       0.468773    -256.196807
       0.465093    -256.440415
       0.473877    -256.601486
       0.472658    -256.642005
       0.476675    -256.548196
       0.482064    -256.329253
       0.487129    -256.011798
       0.486928    -255.634842
       0.488450    -255.246271
       0.487512    -254.898652
       0.490103    -254.643071
       0.487350    -254.520812
       0.486648    -254.551817
       0.486112    -254.722910
       0.472239    -254.986705
       0.479409    -255.278384
       0.472336    -255.541030
       0.471964    -255.742764
       0.476318    -255.878320
       0.481337    -255.960240
       0.466991    -256.008826
       0.459705    -256.045376
       0.453961    -256.087625
       0.454743    -256.146458
       0.460142    -256.226136
       0.469222    -256.328601
       0.471794    -256.456651
       0.471778    -256.610660
       0.471093    -256.780272
       0.479276    -256.937879
       0.479960    -257.040664
       0.482076    -257.043525
       0.478475    -256.917266
       0.476367    -256.660876
       0.477489    -256.301059
       0.469444    -255.884414
       0.461330    -255.472899
       0.461668    -255.139991
       0.462414    -254.951075
       0.470092    -254.928262
       0.470400    -255.031713
       0.468894    -255.183184
       0.470760    -255.315166
       0.462204    -255.406341
       0.458360    -255.479831
       0.457449    -255.571137
       0.461015    -255.694593
       0.464380    -255.834259
       0.475442    -255.959462
       0.473230    -256.046109
       0.483092    -256.089125
       0.473823    -256.102415
       0.467639    -256.108126
       0.470131    -256.120973
       0.475526    -256.138098
       0.475579    -256.142597
       0.474099    -256.117051
       0.491333    -256.055390
       0.500317    -255.966410
       0.489305    -255.872122
       0.489196    -255.805661
       0.488705    -255.805620
       0.482029    -255.900213
       0.481237    -256.086976
       0.472811    -256.326575
       0.478693    -256.560104
       0.474566    -256.738546
       0.477102    -256.845950
       0.477091    -256.903315
       0.472538    -256.948810
       0.485200    -257.006966
       0.477769    -257.074282
       0.476470    -257.132072
       0.482322    -257.166342
       0.482378    -257.175514
       0.480952    -257.168660
       0.476184    -257.161786
       0.477844    -257.171619
       0.472117    -257.207669
       0.470050    -257.269026
       0.470118    -257.345814
       0.462801    -257.418189
       0.470994    -257.455179
       0.465954    -257.424863
       0.466920    -257.316655
       0.460577    -257.159566
       0.459846    -257.018230
       0.459158    -256.961651
       0.456821    -257.021593
       0.455708    -257.172402
       0.459002    -257.348719
       0.458555    -257.483495
       0.457428    -257.537644
       0.457475    -257.510438
       0.461461    -257.435585
       0.462898    -257.368208
       0.463640    -257.364225
       0.465878    -257.456389
       0.458993    -257.637254
       0.463291    -257.859702
       0.462968    -258.057080
       0.460974    -258.172110
       0.462859    -258.178453
       0.462773    -258.085730
       0.459872    -257.929119
       0.459147    -257.751334
       0.460585    -257.587474
       0.458690    -257.459320
       0.459100    -257.376220
       0.460444    -257.336570
       0.464888    -257.330627
       0.466204    -257.347821
       0.467799    -257.383821
       0.467696    -257.438397
       0.465858    -257.504137
       0.466119    -257.558952
       0.466459    -257.575304
       0.466671    -257.542062
       0.466898    -257.477719
       0.466466    -257.419293
       0.467374    -257.400280
       0.466866    -257.444093
       0.464356    -257.570559
       0.462670    -257.791033
       0.456853    -258.090231
       0.452770    -258.419433
       0.443156    -258.714173
       0.442537    -258.922452
       0.442294    -259.025235
       0.442381    -259.042144
       0.441846    -259.020923
       0.449591    -259.012312
       0.449292    -259.040635
       0.448653    -259.088322
       0.450476    -259.105740
       0.448438    -259.038947
       0.448229    -258.856856
       0.445518    -258.564562
       0.441655    -258.201287
       0.447005    -257.828506
       0.456168    -257.512949
       0.458465    -257.306299
       0.458941    -257.228233
       0.458996    -257.263874
       0.462127    -257.376407
       0.466192    -257.524449
       0.464743    -257.675532
       0.461089    -257.811387
       0.460734    -257.923432
       0.459869    -258.002041
       0.461844    -258.027984
       0.461461    -257.974471
       0.466073    -257.823198
       0.460305    -257.588429
       0.459008    -257.331942
       0.458826    -257.147509
       0.458995    -257.110299
       0.457956    -257.224978
       0.467832    -257.420488
       0.467899    -257.594386
       0.468072    -257.666220
       0.468415    -257.610757
       0.469636    -257.466303
       0.469950    -257.316085
       0.469878    -257.242635
       0.466703    -257.277911
       0.467826    -257.387269
       0.470406    -257.497086
       0.462230    -257.537556
       0.465214    -257.471374
       0.470154    -257.300489
       0.465785    -257.057932
       0.457199    -256.794767
       0.460519    -256.568069
       0.460827    -256.428224
       0.461685    -256.400609
       0.454502    -256.468582
       0.452339    -256.579060
       0.455703    -256.675187
       0.454986    -256.729494
       0.451713    -256.753825
       0.450828    -256.788967
       0.451403    -256.886886
       0.446083    -257.086095
       0.445472    -257.382690
       0.450128    -257.722355
       0.450808    -258.026277
       0.454108    -258.227500
       0.454920    -258.294658
       0.454931    -258.240007
       0.453033    -258.113261
       0.451063    -257.980204
       0.459884    -257.892342
       0.455675    -257.866862
       0.461379    -257.890538
       0.463772    -257.935572
       0.462485    -257.968738
       0.464638    -257.954892
       0.457696    -257.865047
       0.464044    -257.689171
       0.463889    -257.446429
       0.466444    -257.185977
       0.462929    -256.972858
       0.462667    -256.860420
       0.453994    -256.865648
       0.450147    -256.967565
       0.448847    -257.128018
       0.457525    -257.314963
       0.460518    -257.512176
       0.453624    -257.713774
       0.453193    -257.912185
       0.456181    -258.091105
       0.461215    -258.229654
       0.461428    -258.313588
       0.460412    -258.343013
       0.461916    -258.330062
       0.457998    -258.290116
       0.454088    -258.234805
       0.454037    -258.169878
       0.463209    -258.095413
       0.458906    -258.006934
       0.454545    -257.898600
       0.447533    -257.769118
       0.446671    -257.628735
       0.456348    -257.503312
       0.461331    -257.430432
       0.461407    -257.445080
       0.454608    -257.559584
       0.450796    -257.750530
       0.449152    -257.964893
       0.446020    -258.143795
       0.446757    -258.249178
       0.452226    -258.279116
       0.440689    -258.264521
       0.441519    -258.246496
       0.438463    -258.245496
       0.434850    -258.247521
       0.435846    -258.223076
       0.445884    -258.160842
       0.445867    -258.083006
       0.448697    -258.029682
       0.449947    -258.028067
       0.444806    -258.073032
       0.443264    -258.133823
       0.445420    -258.178653
       0.444702    -258.197116
       0.448733    -258.206051
       0.450280    -258.237695
       0.445371    -258.320430
       0.439701    -258.465811
       0.441747    -258.667099
       0.442148    -258.902743
       0.441123    -259.138854
       0.436234    -259.334928
       0.438590    -259.458133
       0.449397    -259.501597
       0.449266    -259.494523
       0.449514    -259.491408
       0.446819    -259.538124
       0.442899    -259.638532
       0.446674    -259.755689
       0.444242    -259.844958
       0.445611    -259.882491
       0.449772    -259.868578
       0.441673    -259.814077
       0.441440    -259.726792
       0.439218    -259.609719
       0.437663    -259.470786
       0.437507    -259.329680
       0.437862    -259.209142
       0.436713    -259.119039
       0.433186    -259.052542
       0.429559    -258.997735
       0.429555    -258.951767
       0.432340    -258.926308
       0.433924    -258.939230
       0.435650    -258.996335
       0.431246    -259.078811
       0.435857    -259.149083
       0.440724    -259.168646
       0.443965    -259.112684
       0.443628    -258.974992
       0.445576    -258.766256
       0.442640    -258.510228
       0.441978    -258.240267
       0.447813    -257.997171
       0.442871    -257.827038
       0.442868    -257.774558
       0.442666    -257.867705
       0.445902    -258.099216
       0.440705    -258.420429
       0.438828    -258.757294
       0.445878    -259.039002
       0.440048    -259.220284
       0.446867    -259.287386
       0.447190    -259.251352
       0.443726    -259.139246
       0.433178    -258.990643
       0.433552    -258.855686
       0.433060    -258.783973
       0.427437    -258.802896
       0.432382    -258.901038
       0.428131    -259.032541
       0.428775    -259.139525
       0.428771    -259.176404
       0.427459    -259.122860
       0.428003    -258.982680
       0.432849    -258.775594
       0.436756    -258.531531
       0.439976    -258.288321
       0.447586    -258.085252
       0.441352    -257.951476
       0.437645    -257.901580
       0.426922    -257.942638
       0.426329    -258.077543
       0.425609    -258.295120
       0.424258    -258.558747
       0.427989    -258.808275
       0.428223    -258.976358
       0.432042    -259.010735
       0.433166    -258.894412
       0.439323    -258.658393
       0.436957    -258.379649
       0.437538    -258.154617
       0.428375    -258.052460
       0.428991    -258.079918
       0.430039    -258.186201
       0.430637    -258.297902
       0.434470    -258.357691
       0.439851    -258.351697
       0.441038    -258.316201
       0.441819    -258.317091
       0.440310    -258.408334
       0.447424    -258.593077
       0.439800    -258.814228
       0.439330    -258.982018
       0.439642    -259.019064
       0.439938    -258.895017
       0.446327    -258.636255
       0.449435    -258.311320
       0.450091    -258.000882
       0.450007    -257.765490
       0.442500    -257.624887
       0.442901    -257.558027
       0.442939    -257.522692
       0.443682    -257.481001
       0.445141    -257.414362
       0.446650    -257.320485
       0.442514    -257.198057
       0.443117    -257.036986
       0.446715    -256.830927
       0.447661    -256.602834
       0.448735    -256.409706
       0.450300    -256.307013
       0.449579    -256.304584
       0.448350    -256.368653
       0.449051    -256.467569
       0.456470    -256.604395
       0.454333    -256.804694
       0.453708    -257.078821
       0.450107    -257.397550
       0.447438    -257.701356
       0.456588    -257.931242
       0.454967    -258.057073
       0.453940    -258.090931
       0.449011    -258.083487
       0.451129    -258.102437
       0.443783    -258.197684
       0.439355    -258.372489
       0.439067    -258.582034
       0.444616    -258.758820
       0.450059    -258.844727
       0.444745    -258.814470
       0.445680    -258.687657
       0.447046    -258.527471
       0.439880    -258.418056
       0.440510    -258.419967
       0.441700    -258.530120
       0.446250    -258.684272
       0.453329    -258.803201
       0.462961    -258.843717
       0.462824    -258.820277
       0.453468    -258.787753
       0.456581    -258.798521
       0.456437    -258.867013
       0.453749    -258.969173
       0.445506    -259.067772
       0.444919    -259.133620
       0.442542    -259.149289
       0.446480    -259.105820
       0.448349    -259.005705
       0.447925    -258.868939
       0.448289    -258.728675
       0.448217    -258.615331
       0.447965    -258.544175
       0.452229    -258.515769
       0.459758    -258.522591
       0.460603    -258.553094
       0.461211    -258.591349
       0.458905    -258.614953
       0.454761    -258.596838
       0.458097    -258.514701
       0.457166    -258.363160
       0.456679    -258.158357
       0.459638    -257.929910
       0.458913    -257.706722
       0.458268    -257.510205
       0.458012    -257.360546
       0.461083    -257.283358
       0.456122    -257.299619
       0.463244    -257.404424
       0.459494    -257.561271
       0.458077    -257.721987
       0.457603    -257.852616
       0.456013    -257.945633
       0.450665    -258.016321
       0.448349    -258.089819
       0.448392    -258.186325
       0.448462    -258.312092
       0.447472    -258.460697
       0.448473    -258.620438
       0.444836    -258.778482
       0.434869    -258.918823
       0.438965    -259.020737
       0.438783    -259.062799
       0.439613    -259.029372
       0.446124    -258.914998
       0.438965    -258.725602
       0.436698    -258.477556
       0.432036    -258.196966
       0.434591    -257.921467
       0.449271    -257.702522
       0.446302    -257.600175
       0.447688    -257.662878
       0.447898    -257.898165
       0.448563    -258.256157
       0.449685    -258.643747
       0.446242    -258.961204
       0.445404    -259.137483
       0.442882    -259.150250
       0.438367    -259.030095
       0.437828    -258.850143
       0.446215    -258.698963
       0.448964    -258.640767
       0.444913    -258.684386
       0.444636    -258.785918
       0.447621    -258.881730
       0.442037    -258.923869
       0.438851    -258.898606
       0.441223    -258.827357
       0.455506    -258.754638
       0.437493    -258.726675
       0.436965    -258.768243
       0.455495    -258.870693
       0.453882    -258.999035
       0.451524    -259.111616
       0.460265    -259.178113
       0.459459    -259.186612
       0.463226    -259.140395
       0.471886    -259.050983
       0.460536    -258.933379
       0.462544    -258.804340
       0.462196    -258.680185
       0.455370    -258.571955
       0.448946    -258.481114
       0.458771    -258.401393
       0.455579    -258.327726
       0.449647    -258.265755
       0.455127    -258.232230
       0.457519    -258.242046
       0.453152    -258.291735
       0.445921    -258.357822
       0.439929    -258.414101
       0.436210    -258.450179
       0.441888    -258.473836
       0.434684    -258.496861
       0.433715    -258.518251
       0.428431    -258.520348
       0.430303    -258.482308
       0.431497    -258.401294
       0.428840    -258.305552
       0.433269    -258.246304
       0.433320    -258.267987
       0.432198    -258.376493
       0.447162    -258.532492
       0.447296    -258.675189
       0.454938    -258.755440
       0.445622    -258.756316
       0.432758    -258.694441
       0.432928    -258.605850
       0.448091    -258.524417
       0.448265    -258.464497
       0.440620    -258.418508
       0.447617    -258.369590
       0.446676    -258.307943
       0.449588    -258.238561
       0.448662    -258.176468
       0.447805    -258.135123
       0.457288    -258.118415
       0.456933    -258.122081
       0.462179    -258.139687
       0.455126    -258.164458
       0.462067    -258.186072
       0.451269    -258.189668
       0.446767    -258.161282
       0.453737    -258.095136
       0.454601    -257.995686
       0.446909    -257.872871
       0.439451    -257.734961
       0.440502    -257.584862
       0.442279    -257.423761
       0.442678    -257.262382
       0.438139    -257.133104
       0.436481    -257.087970
       0.435715    -257.172732
       0.438119    -257.393243
       0.444153    -257.707814
       0.442749    -258.052843
       0.443416    -258.373869
       0.447057    -258.640101
       0.439906    -258.843979
       0.439665    -258.994445
       0.435856    -259.107997
       0.435706    -259.198815
       0.435251    -259.270575
       0.439568    -259.314194
       0.436918    -259.313611
       0.442782    -259.255661
       0.437996    -259.135956
       0.437349    -258.957795
       0.450364    -258.731372
       0.451644    -258.480697
       0.455786    -258.251315
       0.452885    -258.101253
       0.455196    -258.070266
       0.453985    -258.151772
       0.444724    -258.298057
       0.449230    -258.453597
       0.448596    -258.582908
       0.464815    -258.674207
       0.463142    -258.727304
       0.463049    -258.742448
       0.460438    -258.718687
       0.459388    -258.659131
       0.469702    -258.575454
       0.463768    -258.486233
       0.461586    -258.409641
       0.464486    -258.355467
       0.461986    -258.321017
       0.464391    -258.291649
       0.461165    -258.245638
       0.455374    -258.164641
       0.454126    -258.048116
       0.443237    -257.922527
       0.442163    -257.833851
       0.436610    -257.822111
       0.433731    -257.894958
       0.435772    -258.022608
       0.445455    -258.156610
       0.444753    -258.254177
       0.452594    -258.291828
       0.455217    -258.265884
       0.455405    -258.185937
       0.461402    -258.068172
       0.458267    -257.931616
       0.464535    -257.796483
       0.458916    -257.682638
       0.467370    -257.607236
       0.453844    -257.581439
       0.454506    -257.606584
       0.455506    -257.671885
       0.460827    -257.757934
       0.460884    -257.847551
       0.455287    -257.937437
       0.455766    -258.041034
       0.461381    -258.179899
       0.462872    -258.369850
       0.467746    -258.610433
       0.467476    -258.882081
       0.460112    -259.150064
       0.462791    -259.372715
       0.461372    -259.512235
       0.462263    -259.545513
       0.459573    -259.470734
       0.460175    -259.306971
       0.450888    -259.088245
       0.453409    -258.856583
       0.454383    -258.656608
       0.459664    -258.529232
       0.455898    -258.501694
       0.445375    -258.577653
       0.442421    -258.734655
       0.437489    -258.930689
       0.443963    -259.115177
       0.447328    -259.240222
       0.448061    -259.271510
       0.453125    -259.198588
       0.453828    -259.041738
       0.458803    -258.850789
       0.461302    -258.691676
       0.467872    -258.621924
       0.469144    -258.666504
       0.476341    -258.809997
       0.471974    -259.009030
       0.475446    -259.211775
       0.475708    -259.370268
       0.473324    -259.444775
       0.470874    -259.407915
       0.470345    -259.252203
       0.457694    -258.997086
       0.453407    -258.688228
       0.450193    -258.384204
       0.454277    -258.134194
       0.450266    -257.960411
       0.461362    -257.858738
       0.470082    -257.815874
       0.458966    -257.826945
       0.455672    -257.898783
       0.455832    -258.037693
       0.459056    -258.234275
       0.459248    -258.459486
       0.448815    -258.674449
       0.449455    -258.845201
       0.449601    -258.952695
       0.453979    -258.993993
       0.460345    -258.975679
       0.461651    -258.903572
       0.464629    -258.775043
       0.468273    -258.579437
       0.461414    -258.306536
       0.460990    -257.958365
       0.456184    -257.560877
       0.465421    -257.171090
       0.455396    -256.867448
       0.457054    -256.715186
       0.454667    -256.726849
       0.454955    -256.855953
       0.454229    -257.031119
       0.460830    -257.198429
       0.461206    -257.341932
       0.457162    -257.477082
       0.459293    -257.629707
       0.459666    -257.818675
       0.459083    -258.051041
       0.461019    -258.323781
       0.455613    -258.624360
       0.455522    -258.930407
       0.454210    -259.212105
       0.447058    -259.437764
       0.447997    -259.580544
       0.444500    -259.624444
       0.440787    -259.568172
       0.440216    -259.424766
       0.439352    -259.215646
       0.435846    -258.962246
       0.446065    -258.681974
       0.446570    -258.391094
       0.443697    -258.109076
       0.446586    -257.859020
       0.446500    -257.666025
       0.453971    -257.556935
       0.453302    -257.557846
       0.452006    -257.683531
       0.450920    -257.923395
       0.449479    -258.237429
       0.449883    -258.568072
       0.455470    -258.859528
       0.454301    -259.072014
       0.454612    -259.185768
       0.454509    -259.198322
       0.459798    -259.121346
       0.459244    -258.979701
       0.450669    -258.809145
       0.451613    -258.646403
       0.451487    -258.511701
       0.449100    -258.395924
       0.457617    -258.266771
       0.468857    -258.093187
       0.469144    -257.871617
       0.472915    -257.636617
       0.477797    -257.446800
       0.481505    -257.349108
       0.479362    -257.342866
       0.483429    -257.375451
       0.477596    -257.377512
       0.475580    -257.308555
       0.481220    -257.180155
       0.480990    -257.047270
       0.470665    -256.977424
       0.479048    -257.017474
       0.478088    -257.175625
       0.471891    -257.422405
       0.462661    -257.704359
       0.463671    -257.963775
       0.461656    -258.157311
       0.459531    -258.266862
       0.456809    -258.300664
       0.456561    -258.286290
       0.456770    -258.257196
       0.463823    -258.236222
       0.464241    -258.225237
       0.459909    -258.209406
       0.452944    -258.171849
       0.451984    -258.106792
       0.447734    -258.025365
       0.446036    -257.952727
       0.446427    -257.916955
       0.437678    -257.939533
       0.444596    -258.036241
       0.447631    -258.217974
       0.448599    -258.480466
       0.432650    -258.793164
       0.434418    -259.100758
       0.434023    -259.338273
       0.429762    -259.453983
       0.428805    -259.431248
       0.428438    -259.297357
       0.423485    -259.110553
       0.425491    -258.930295
       0.425739    -258.794772
       0.421315    -258.725535
