       0.920061     280.212808
       0.893830     160.139778
       0.864075      64.216392
       0.836015      -7.912905
       0.808243     -62.041099
       0.466616    -257.544678
       0.466616    -257.544678
       0.477012    -255.860941
       0.480399    -255.860127
       0.481494    -255.865967
       0.482218    -255.865374
       0.482584    -255.869273
       0.479987    -255.860984
       0.482047    -255.864450
       0.483967    -255.861034
       0.484958    -255.866852
       0.488788    -255.860139
       0.489846    -255.865487
       0.493783    -255.430907
       0.491926    -255.368728
       0.491203    -255.216059
       0.490663    -255.330620
       0.499880    -255.425368
       0.494753    -255.518606
       0.487271    -255.609163
       0.487735    -255.703391
       0.484978    -255.806409
       0.484512    -255.962206
       0.478459    -256.140530
       0.478459    -256.142405
       0.478608    -256.142880
       0.478759    -256.143880
       0.478913    -256.146549
       0.475779    -256.144545
       0.474250    -256.147009
       0.474415    -256.147544
       0.474582    -256.143540
       0.474752    -256.143540
       0.475087    -256.141776
       0.475263    -256.139555
       0.475263    -255.589531
       0.462989    -256.354253
       0.466497    -256.549704
       0.465377    -256.664140
       0.468231    -256.800118
       0.469521    -257.008459
       0.469908    -257.240069
       0.469908    -257.248742
       0.470023    -257.247487
       0.467871    -257.244845
       0.467982    -257.242465
       0.468592    -257.245467
       0.468475    -257.247997
       0.468589    -257.243140
       0.468204    -257.241605
       0.468631    -257.240131
       0.459599    -257.240429
       0.458829    -257.246677
       0.458829    -256.806605
       0.464331    -257.474610
       0.469655    -257.507216
       0.460992    -257.514258
       0.463183    -257.511906
       0.458709    -257.575154
       0.455581    -257.676396
       0.455533    -257.840652
       0.455338    -257.946645
       0.456164    -258.002277
       0.457465    -258.137936
       0.462175    -258.453179
       0.477902    -260.735830
       0.477902    -260.735830
       0.491579    -259.204185
       0.492089    -259.204619
       0.491787    -259.203601
       0.491845    -259.205108
       0.496649    -259.201921
       0.496210    -259.198562
       0.498583    -259.202898
       0.498660    -259.202733
       0.498738    -259.204761
       0.496399    -259.200159
       0.496482    -259.199244
       0.490333    -257.743773
       0.489541    -257.730116
       0.489651    -257.688620
       0.496982    -257.607849
       0.497035    -257.518369
       0.502943    -257.421718
       0.496868    -257.427725
       0.496067    -257.476235
       0.494871    -257.557210
       0.483246    -257.750056
       0.483246    -257.744996
       0.482999    -257.746285
       0.482637    -257.744145
       0.483223    -257.747912
       0.485251    -257.742447
       0.492567    -257.744643
       0.492243    -257.751373
       0.491975    -257.743089
       0.496596    -257.750857
       0.496894    -257.745380
       0.498014    -257.746683
       0.498014    -256.824600
       0.484071    -257.218423
       0.478942    -257.355170
       0.479017    -257.266385
       0.478359    -257.626847
       0.478794    -257.688809
       0.475266    -257.711636
       0.475678    -257.741826
       0.477905    -257.768411
       0.477905    -257.775371
       0.477951    -257.775285
       0.479034    -257.768313
       0.476912    -257.775800
       0.476954    -257.771365
       0.476996    -257.772197
       0.477038    -257.774740
       0.477080    -257.768279
       0.477122    -257.768617
       0.482264    -257.767173
       0.482314    -257.768081
       0.482314    -257.334732
       0.479951    -257.980386
       0.485508    -258.108759
       0.487622    -258.234197
       0.482813    -258.384525
       0.482023    -258.507876
       0.479793    -258.614734
       0.479577    -258.719229
       0.475227    -258.792636
       0.474905    -258.796101
       0.474943    -258.788478
       0.474541    -258.790492
       0.472254    -258.789476
       0.472297    -258.791652
       0.473841    -258.796584
       0.473477    -258.791377
       0.473523    -258.796039
       0.473570    -258.795598
       0.473618    -258.794125
       0.473618    -258.468261
       0.478540    -258.930821
       0.465221    -258.802424
       0.468307    -258.910784
       0.468213    -258.936169
       0.469346    -258.952583
       0.469835    -258.972883
       0.470061    -258.958360
       0.475043    -259.044715
       0.475043    -259.042942
       0.475030    -259.042439
       0.475018    -259.050724
       0.476178    -259.042528
       0.477508    -259.047857
       0.477534    -259.049104
       0.481443    -259.042713
       0.479918    -259.046757
       0.479917    -259.046350
       0.479915    -259.048825
       0.479915    -259.045767
       0.479915    -258.446265
       0.483266    -258.524716
       0.483418    -258.517377
       0.486659    -258.506049
       0.484162    -258.493943
       0.482942    -258.518506
       0.476747    -258.697595
       0.476772    -258.695502
       0.476798    -258.698815
       0.477090    -258.693621
       0.477119    -258.701842
       0.476785    -258.693546
       0.476818    -258.699480
       0.476852    -258.702749
       0.481530    -258.703014
       0.485251    -258.694681
       0.484794    -258.700321
       0.484794    -257.816734
       0.483460    -258.356448
       0.485263    -258.293853
       0.471570    -258.493384
       0.476922    -258.560517
       0.477191    -258.580921
       0.477533    -258.619165
       0.488946    -258.683806
       0.479532    -258.719504
       0.479551    -258.721458
       0.477530    -258.723595
       0.477197    -258.715191
       0.477217    -258.722102
       0.482212    -258.715138
       0.482230    -258.723290
       0.482249    -258.716420
       0.489383    -258.721411
       0.489697    -258.719226
       0.490000    -258.717365
       0.490000    -257.845924
       0.485395    -257.837718
       0.485257    -257.641709
       0.508905    -257.363429
       0.508168    -257.348748
       0.507713    -257.406647
       0.514259    -257.502452
       0.496554    -257.677583
       0.486497    -258.031819
       0.486497    -258.029173
       0.489522    -258.026705
       0.488984    -258.026156
       0.485696    -258.032173
       0.485636    -258.029856
       0.485016    -258.035403
       0.485629    -258.027328
       0.485573    -258.029734
       0.498210    -258.026559
       0.498128    -258.031087
       0.498048    -258.028329
       0.498048    -257.202902
       0.492629    -257.444613
       0.480674    -257.675068
       0.478238    -257.908516
       0.481943    -258.042116
       0.481897    -258.141974
       0.469493    -259.455029
       0.469493    -259.455029
       0.444792    -261.179579
       0.444792    -261.179579
       0.442443    -259.710644
       0.442721    -259.713723
       0.443832    -259.714282
       0.446133    -259.716895
       0.447511    -259.711484
       0.447863    -259.709756
       0.450250    -259.717826
       0.450833    -259.717994
       0.451204    -259.708397
       0.451769    -259.716946
       0.454190    -259.713048
       0.449902    -258.148234
       0.450809    -257.929808
       0.450193    -257.573360
       0.450242    -257.496081
       0.446715    -257.495152
       0.440914    -257.585876
       0.441294    -257.718678
       0.442943    -257.884190
       0.449132    -258.111887
       0.439874    -258.365825
       0.434414    -258.639587
       0.433645    -258.639589
       0.433559    -258.641942
       0.433836    -258.633328
       0.434287    -258.636073
       0.434213    -258.639551
       0.440554    -258.641051
       0.440477    -258.636239
       0.440404    -258.638954
       0.440570    -258.634348
       0.441042    -258.638269
       0.441042    -257.240117
       0.440807    -257.702059
       0.436061    -257.858933
       0.436452    -257.775502
       0.441113    -257.785514
       0.447583    -257.871706
       0.444254    -258.018364
       0.443473    -258.156088
       0.452194    -258.526408
       0.451709    -258.608217
       0.452380    -258.612353
       0.449733    -258.610632
       0.458488    -258.614915
       0.458660    -258.609928
       0.458836    -258.607779
       0.459016    -258.610174
       0.458866    -258.612367
       0.458523    -258.613367
       0.458129    -258.614668
       0.457936    -258.608445
       0.457936    -257.816370
       0.449892    -257.955933
       0.447886    -257.882207
       0.438360    -257.620752
       0.442574    -257.568209
       0.440148    -257.560474
       0.442282    -257.587770
       0.447851    -257.618528
       0.449988    -257.690826
       0.451813    -257.755440
       0.451333    -257.940499
       0.458070    -258.061268
       0.458403    -258.058811
       0.458994    -258.064703
       0.459222    -258.057647
       0.459859    -258.059361
       0.459751    -258.058493
       0.456310    -258.057125
       0.456618    -258.056908
       0.457046    -258.064384
       0.462851    -258.061355
       0.463218    -258.066503
       0.463218    -257.337256
       0.452065    -257.764008
       0.448155    -257.792886
       0.455230    -257.805392
       0.455368    -257.837399
       0.455770    -257.888092
       0.468162    -258.491163
       0.468162    -258.493012
       0.468607    -258.491522
       0.469058    -258.492437
       0.468702    -258.497440
       0.469169    -258.496949
       0.469642    -258.491907
       0.470121    -258.495281
       0.470606    -258.496981
       0.471096    -258.492418
       0.471104    -258.492674
       0.470664    -258.496905
       0.470664    -257.458809
       0.468817    -258.003883
       0.470348    -257.856452
       0.469284    -257.705882
       0.470978    -257.737342
       0.472326    -257.851144
       0.466683    -258.025712
       0.461918    -258.023304
       0.463447    -258.024999
       0.470910    -258.019655
       0.470781    -258.021150
       0.471206    -258.022296
       0.480463    -258.021450
       0.482164    -258.018928
       0.484326    -258.018742
       0.484774    -258.026484
       0.485227    -258.020985
       0.485227    -256.631241
       0.477959    -256.846569
       0.478003    -256.519456
       0.477843    -256.538177
       0.474081    -257.222244
       0.477968    -257.228003
       0.478331    -257.223766
       0.478697    -257.225855
       0.479509    -257.219962
       0.479883    -257.224953
       0.481038    -257.226191
       0.483252    -257.221737
       0.483650    -257.224761
       0.483834    -257.223332
       0.483860    -257.219435
       0.483860    -255.910692
       0.475298    -256.045625
       0.498828    -256.051068
       0.484163    -256.272149
       0.487918    -257.160386
       0.488659    -257.165292
       0.492282    -257.169136
       0.492531    -257.163751
       0.492783    -257.168920
       0.494307    -257.168804
       0.494569    -257.164744
       0.495725    -257.169014
       0.474844    -257.168290
       0.472845    -257.159715
       0.473141    -257.165776
       0.473141    -256.848248
       0.466291    -257.341357
       0.462376    -257.670475
       0.456039    -257.944555
       0.451991    -258.284173
       0.443881    -258.504153
       0.429110    -261.735406
       0.429110    -261.735406
       0.430370    -260.225497
       0.429682    -260.227659
       0.423804    -260.226889
       0.423140    -260.228670
       0.431099    -260.228706
       0.430953    -260.224396
       0.431366    -260.222157
       0.430886    -260.223250
       0.434103    -260.225359
       0.433543    -260.230591
       0.433991    -260.222263
       0.444725    -258.957499
       0.437644    -258.946511
       0.436120    -258.938575
       0.434861    -258.958301
       0.433294    -259.041001
       0.432993    -259.161907
       0.427480    -259.345052
       0.437693    -259.504042
       0.440674    -260.224772
       0.441803    -260.315719
       0.442109    -260.321543
       0.441277    -260.322636
       0.441188    -260.319709
       0.443226    -260.323217
       0.447538    -260.321765
       0.444650    -260.315890
       0.444098    -260.317462
       0.444183    -260.323120
       0.444188    -260.324642
       0.444197    -260.317513
       0.444197    -259.744908
       0.445496    -259.909533
       0.447261    -259.949636
       0.450389    -259.906613
       0.451346    -259.886834
       0.451212    -259.892154
       0.446728    -259.915671
       0.450363    -259.950296
       0.450064    -260.003690
       0.459857    -260.091353
       0.451902    -260.153724
       0.450494    -260.213943
       0.450494    -260.219047
       0.449414    -260.215271
       0.449636    -260.211879
       0.449126    -260.213424
       0.448626    -260.218201
       0.454349    -260.219109
       0.454266    -260.216269
       0.455385    -260.215572
       0.454173    -260.215225
       0.453724    -260.219128
       0.453659    -260.215933
       0.453659    -259.732513
       0.448055    -259.939617
       0.447294    -259.887970
       0.445780    -259.908152
       0.455878    -259.952993
       0.464437    -260.061831
       0.464047    -260.214473
       0.466342    -260.374138
       0.462218    -260.544191
       0.467229    -260.776783
       0.472524    -261.006587
       0.465897    -261.288138
       0.467725    -261.292197
       0.465503    -261.288215
       0.465466    -261.294104
       0.464962    -261.294702
       0.464929    -261.293210
       0.465319    -261.295850
       0.465921    -261.291453
       0.465897    -261.294196
       0.466268    -261.287523
       0.465378    -261.290223
       0.465378    -260.992267
       0.458948    -262.279033
       0.458305    -262.412014
       0.450681    -262.523412
       0.451086    -262.624168
       0.450956    -262.758064
       0.438068    -263.389948
       0.438068    -263.389948
       0.448937    -261.846751
       0.449323    -261.845340
       0.443490    -261.844575
       0.443597    -261.853422
       0.443692    -261.847609
       0.445156    -261.853465
       0.446096    -261.852195
       0.446571    -261.847388
       0.443058    -261.853824
       0.443543    -261.849883
       0.444034    -261.851237
       0.446671    -259.349071
       0.459226    -259.137258
       0.466320    -259.035754
       0.461700    -258.960522
       0.456712    -258.983175
       0.456661    -259.063203
       0.458207    -259.197110
       0.453972    -259.423992
       0.462989    -259.691766
       0.451712    -259.943008
       0.463749    -260.406140
       0.463749    -260.394625
       0.464808    -260.397290
       0.464447    -260.398915
       0.464658    -260.396373
       0.464488    -260.396357
       0.467081    -260.401754
       0.466698    -260.400916
       0.466639    -260.399588
       0.475051    -260.397632
       0.478729    -260.397436
       0.477799    -260.399371
       0.477799    -258.494667
       0.474766    -259.034925
       0.470579    -258.940423
       0.460866    -258.866271
       0.458509    -258.867168
       0.460764    -259.034784
       0.454780    -259.321548
       0.456033    -259.627910
       0.453099    -260.062371
       0.455330    -261.248514
       0.455469    -261.241388
       0.452055    -261.240924
       0.453141    -261.240993
       0.457928    -261.246044
       0.458082    -261.250162
       0.458236    -261.245586
       0.458819    -261.240472
       0.458973    -261.245383
       0.454602    -261.246156
       0.454756    -261.247810
       0.454756    -260.239692
       0.451978    -260.531021
       0.451463    -260.445918
       0.444906    -260.237974
       0.448220    -260.225025
       0.453747    -260.235399
       0.460089    -260.246670
       0.456306    -260.307275
       0.448123    -260.723220
       0.447969    -260.721294
       0.445505    -260.727428
       0.450277    -260.718482
       0.450628    -260.718057
       0.452491    -260.719764
       0.449507    -260.726201
       0.449905    -260.726434
       0.449986    -260.727742
       0.449695    -260.719092
       0.450614    -260.720388
       0.450614    -259.828881
       0.448381    -259.921702
       0.446618    -259.855443
       0.453072    -259.698762
       0.452191    -259.490863
       0.463272    -259.547034
       0.459337    -259.802877
       0.455386    -260.078338
       0.455276    -260.073980
       0.455459    -260.077473
       0.455644    -260.070214
       0.465151    -260.071581
       0.465351    -260.074490
       0.464794    -260.069823
       0.465433    -260.077919
       0.466975    -260.070122
       0.470040    -260.070285
       0.470247    -260.074337
       0.470247    -259.088154
       0.452465    -259.471052
       0.456905    -259.447316
       0.467898    -259.914614
       0.467772    -259.917869
       0.465643    -259.917082
       0.479358    -259.917003
       0.479641    -259.915525
       0.479927    -259.915369
       0.480216    -259.916421
       0.483915    -259.913424
       0.485157    -259.914359
       0.485517    -259.911741
       0.485383    -259.911654
       0.485383    -259.052716
       0.447766    -260.127434
       0.443363    -260.256972
       0.442024    -260.444445
       0.439596    -260.800340
       0.444624    -261.182282
       0.444624    -261.184591
       0.445113    -261.185080
       0.448136    -261.190867
       0.442346    -261.188677
       0.442825    -261.184849
       0.442732    -261.188067
       0.445839    -261.186875
       0.446644    -261.189018
       0.451013    -261.187630
       0.456246    -261.191145
       0.457146    -261.185228
       0.457146    -260.787263
       0.450928    -261.825030
       0.451169    -261.940186
       0.452619    -262.157494
       0.454961    -262.233195
       0.454961    -262.234924
       0.462017    -262.234524
       0.462142    -262.233856
       0.464510    -262.234154
       0.464664    -262.231025
       0.465568    -262.231014
       0.467359    -262.229989
       0.463117    -262.231588
       0.461722    -262.237798
       0.462909    -262.230254
       0.466233    -262.233802
       0.466233    -261.336836
       0.456369    -262.251176
       0.455882    -262.671450
       0.448129    -263.080276
       0.448255    -263.139147
       0.445589    -263.204932
       0.435615    -264.506483
       0.435615    -264.506483
       0.438033    -262.414302
       0.437840    -262.416015
       0.437211    -262.408510
       0.445882    -262.409249
       0.445713    -262.416448
       0.448433    -262.411209
       0.448289    -262.417565
       0.448154    -262.412385
       0.447461    -262.409410
       0.447737    -262.411357
       0.447386    -262.414268
       0.453324    -261.011749
       0.454071    -260.857233
       0.453864    -260.801228
       0.451273    -260.737594
       0.451410    -260.723521
       0.447653    -260.788486
       0.446703    -260.783633
       0.446650    -260.786388
       0.446605    -260.788050
       0.446608    -260.787821
       0.446584    -260.787921
       0.446569    -260.780534
       0.446564    -260.785298
       0.446569    -260.779931
       0.446250    -260.782171
       0.448977    -260.779996
       0.448977    -259.737437
       0.439394    -260.022900
       0.453548    -260.019494
       0.458337    -259.923975
       0.469152    -259.923707
       0.478676    -259.955973
       0.484099    -260.032242
       0.479996    -260.160805
       0.492978    -260.230203
       0.482288    -260.473382
       0.483245    -260.467023
       0.483230    -260.466883
       0.483560    -260.471155
       0.494679    -260.465966
       0.496921    -260.466079
       0.497275    -260.469704
       0.497632    -260.473891
       0.502775    -260.473801
       0.502530    -260.467265
       0.502889    -260.472290
       0.502889    -259.274034
       0.484247    -259.922458
       0.490019    -259.776372
       0.490044    -259.597615
       0.486006    -259.259389
       0.486103    -259.414926
       0.485546    -259.527470
       0.489528    -259.636287
       0.483984    -259.793419
       0.497655    -260.001177
       0.495440    -260.092138
       0.499079    -260.101517
       0.499541    -260.096993
       0.494857    -260.100045
       0.495738    -260.100318
       0.495849    -260.097923
       0.500898    -260.094238
       0.501374    -260.097919
       0.502341    -260.098578
       0.502717    -260.100727
       0.503114    -260.101939
       0.503114    -259.063897
       0.505838    -259.404939
       0.496472    -259.370568
       0.497127    -259.236972
       0.494027    -259.160752
       0.489471    -259.168814
       0.485092    -259.240888
       0.488482    -259.352737
       0.480991    -259.663547
       0.484541    -259.867344
       0.484729    -259.864304
       0.485228    -259.864330
       0.485422    -259.859097
       0.485617    -259.867874
       0.485541    -259.859594
       0.485742    -259.867421
       0.485579    -259.861679
       0.485712    -259.866234
       0.484474    -259.864229
       0.484203    -259.859411
       0.484203    -258.909199
       0.477840    -259.222366
       0.473649    -259.263708
       0.482753    -259.219771
       0.478466    -259.182185
       0.487215    -259.219417
       0.487403    -259.565875
       0.488510    -259.920203
       0.482490    -260.251395
       0.482284    -260.561854
       0.483622    -260.556983
       0.483406    -260.560595
       0.487610    -260.562445
       0.487676    -260.563804
       0.487492    -260.556639
       0.487563    -260.565378
       0.492466    -260.561054
       0.488811    -260.561418
       0.488902    -260.564144
       0.488996    -260.559643
       0.488996    -259.827445
       0.493374    -260.134335
       0.497914    -260.137807
       0.498138    -260.071553
       0.484869    -260.025389
       0.479451    -260.024589
       0.480449    -260.267874
       0.473696    -260.754867
       0.487629    -261.161894
       0.465846    -261.367684
       0.465846    -261.366584
       0.465936    -261.374572
       0.466030    -261.375280
       0.465370    -261.369059
       0.465473    -261.371659
       0.476932    -261.368526
       0.477361    -261.370160
       0.475736    -261.367479
       0.476211    -261.369423
       0.476662    -261.366727
       0.475539    -261.374847
       0.475539    -260.656292
       0.479886    -261.289758
       0.480195    -261.410958
       0.487303    -261.497503
       0.486531    -261.533768
       0.484605    -261.580479
       0.480247    -261.734316
       0.469875    -261.927978
       0.473108    -262.327555
       0.475029    -262.321186
       0.475053    -262.318246
       0.474742    -262.321787
       0.475036    -262.321293
       0.471746    -262.323422
       0.472144    -262.321165
       0.471770    -262.323244
       0.471806    -262.324415
       0.476699    -262.322700
       0.477557    -262.327331
       0.477557    -261.407078
       0.470522    -262.096592
       0.463123    -262.368361
       0.463055    -262.488888
       0.455611    -262.633794
       0.456881    -262.728236
       0.460963    -262.883758
       0.460963    -262.883758
       0.463757    -262.587202
       0.463757    -262.587202
       0.441598    -262.418139
       0.442097    -262.414980
       0.445418    -262.421121
       0.445580    -262.414315
       0.445751    -262.417835
       0.445931    -262.415182
       0.445809    -262.414678
       0.446010    -262.417251
       0.446601    -262.420493
       0.446823    -262.420250
       0.446683    -262.419285
       0.451262    -260.744397
       0.451666    -260.740827
       0.453857    -260.701724
       0.455180    -260.721703
       0.455722    -260.756726
       0.460662    -260.825445
       0.460521    -260.848599
       0.464178    -260.850598
       0.464098    -260.848909
       0.464382    -260.846527
       0.464671    -260.849681
       0.464653    -260.852398
       0.464870    -260.850915
       0.465725    -260.850517
       0.466041    -260.847398
       0.465887    -260.847800
       0.470103    -260.850741
       0.470103    -259.458730
       0.467374    -259.819892
       0.466604    -259.767655
       0.467366    -259.498023
       0.470124    -259.454279
       0.476207    -259.443780
       0.475162    -259.465657
       0.470878    -259.509140
       0.476157    -259.560843
       0.475779    -259.687672
       0.469188    -259.866078
       0.468088    -259.867627
       0.468186    -259.865023
       0.468285    -259.870403
       0.468387    -259.865440
       0.468490    -259.869579
       0.468595    -259.871533
       0.473440    -259.868270
       0.473552    -259.868829
       0.473160    -259.869957
       0.472427    -259.863861
       0.472427    -258.358156
       0.471369    -258.981794
       0.467438    -258.841006
       0.464784    -258.138102
       0.472709    -258.426286
       0.458336    -258.590091
       0.473907    -258.760070
       0.477263    -258.928019
       0.477303    -258.926080
       0.477343    -258.927197
       0.481342    -258.931591
       0.481008    -258.929695
       0.481358    -258.935067
       0.484355    -258.929412
       0.484887    -258.927017
       0.484935    -258.930613
       0.485102    -258.928636
       0.485151    -258.934355
       0.485151    -257.378292
       0.486428    -257.786439
       0.493890    -257.590518
       0.487172    -257.414591
       0.486737    -257.306003
       0.487223    -257.085039
       0.487788    -257.266197
       0.483957    -257.405423
       0.483553    -257.407147
       0.479035    -257.401835
       0.478715    -257.408138
       0.469253    -257.399906
       0.466279    -257.399887
       0.466276    -257.404858
       0.472390    -257.406849
       0.472390    -257.408392
       0.473162    -257.399903
       0.473163    -257.402807
       0.473163    -256.267347
       0.475399    -256.548483
       0.482423    -256.435795
       0.480297    -256.217959
       0.480793    -256.168650
       0.473588    -256.271043
       0.471935    -256.959098
       0.465627    -257.743797
       0.461162    -257.977671
       0.461770    -257.978692
       0.460295    -257.982135
       0.463975    -257.987075
       0.463972    -257.985492
       0.464771    -257.984838
       0.473974    -257.985555
       0.472352    -257.982326
       0.472839    -257.983177
       0.478441    -257.982001
       0.478460    -257.978595
       0.478460    -257.033834
       0.462665    -257.573375
       0.457151    -257.704829
       0.460125    -257.987158
       0.455822    -258.146549
       0.468185    -258.304779
       0.467472    -258.482369
       0.463212    -258.963900
       0.463363    -259.206395
       0.463467    -259.206336
       0.463923    -259.204772
       0.463262    -259.203569
       0.463118    -259.210554
       0.462682    -259.207839
       0.461600    -259.208493
       0.460975    -259.211729
       0.460985    -259.209282
       0.461470    -259.208905
       0.464822    -259.209782
       0.464822    -258.317108
       0.459129    -259.008433
       0.472285    -259.019647
       0.465572    -259.012838
       0.459983    -259.192852
       0.459696    -259.332520
       0.450004    -260.139949
       0.458550    -260.475720
       0.458550    -260.475138
       0.453161    -260.474832
       0.452849    -260.481183
       0.455281    -260.477754
       0.453081    -260.476789
       0.453080    -260.472753
       0.453363    -260.478732
       0.453721    -260.479789
       0.453727    -260.481481
       0.453311    -260.478901
       0.459293    -260.479721
       0.459293    -259.055978
       0.453410    -260.656168
       0.450352    -261.167357
       0.445737    -261.337028
       0.456970    -261.503110
       0.456086    -261.582006
       0.440042    -262.437353
       0.440042    -262.437353
       0.434264    -264.466361
       0.434264    -264.466361
       0.445169    -262.666904
       0.445752    -262.666751
       0.446928    -262.669767
       0.447782    -262.666025
       0.448374    -262.669908
       0.445255    -262.672911
       0.446173    -262.665809
       0.447531    -262.667018
       0.446304    -262.668348
       0.447265    -262.671911
       0.448269    -262.671418
       0.450204    -260.196096
       0.452326    -260.271378
       0.458667    -260.071397
       0.461242    -260.259758
       0.460009    -260.595570
       0.449586    -260.753165
       0.448742    -260.894603
       0.452563    -261.037105
       0.455856    -261.208332
       0.455856    -261.192458
       0.457376    -261.191515
       0.457326    -261.197995
       0.457279    -261.194802
       0.457234    -261.193399
       0.460227    -261.193633
       0.460600    -261.194433
       0.460573    -261.195052
       0.461472    -261.198888
       0.461154    -261.193216
       0.461138    -261.193877
       0.461138    -258.593924
       0.458646    -259.251958
       0.449456    -259.294328
       0.456519    -259.058798
       0.472525    -258.490942
       0.471656    -258.638508
       0.470196    -258.738483
       0.477432    -258.789763
       0.489409    -258.990562
       0.486173    -259.057772
       0.486173    -259.055986
       0.486186    -259.052659
       0.482129    -259.060204
       0.479556    -259.056140
       0.479603    -259.061263
       0.479298    -259.051783
       0.479355    -259.052257
       0.479098    -259.056801
       0.479167    -259.059610
       0.479241    -259.060818
       0.480212    -259.051812
       0.480212    -258.497077
       0.476609    -259.384543
       0.479412    -259.492565
       0.473790    -259.600931
       0.477876    -259.842661
       0.477876    -259.858018
       0.477967    -259.852385
       0.477704    -259.850909
       0.477804    -259.853414
       0.477908    -259.852632
       0.478017    -259.856145
       0.463646    -259.850430
       0.463804    -259.855142
       0.463611    -259.852716
       0.453614    -259.848823
       0.449997    -259.852430
       0.449997    -260.694758
       0.448436    -260.917521
       0.448870    -260.924568
       0.449310    -260.922309
       0.449757    -260.919734
       0.449490    -260.924148
       0.449949    -260.922417
       0.450686    -260.920639
       0.447619    -260.918672
       0.448094    -260.918073
       0.448575    -260.921628
       0.446306    -260.923242
       0.446306    -260.754637
       0.443381    -261.549810
       0.448563    -261.546320
       0.457736    -261.559706
       0.456660    -261.582583
       0.461492    -261.664672
       0.456903    -261.789172
       0.460481    -261.894082
       0.462608    -262.011920
       0.452406    -262.016871
       0.453271    -262.011628
       0.454508    -262.009774
       0.454750    -262.016753
       0.455232    -262.017594
       0.451036    -262.012726
       0.450709    -262.017758
       0.448170    -262.015725
       0.448649    -262.010460
       0.450195    -262.019253
       0.450195    -260.842463
       0.446501    -261.362359
       0.449340    -261.343390
       0.450828    -261.260059
       0.451171    -261.176061
       0.456540    -261.054241
       0.456463    -261.044502
       0.459817    -261.092371
       0.455164    -261.182791
       0.459372    -261.257048
       0.450781    -261.326279
       0.455392    -261.322287
       0.468455    -261.327178
       0.471764    -261.324359
       0.472033    -261.329065
       0.472118    -261.328413
       0.472764    -261.323440
       0.473027    -261.325226
       0.478712    -261.321706
       0.478973    -261.321244
       0.476867    -261.330002
       0.476867    -260.290705
       0.461975    -260.886841
       0.460796    -260.827965
       0.478368    -260.832773
       0.479383    -260.877966
       0.481482    -260.955008
       0.482139    -261.020325
       0.452808    -261.114679
       0.458854    -261.213661
       0.450183    -261.325949
       0.450183    -261.326396
       0.445258    -261.327379
       0.440910    -261.328237
       0.442324    -261.324395
       0.442239    -261.326147
       0.443233    -261.324995
       0.443372    -261.324262
       0.443769    -261.331830
       0.444317    -261.333023
       0.447669    -261.328836
       0.447443    -261.325543
       0.447443    -260.634789
       0.438450    -261.279043
       0.442590    -261.435122
       0.441223    -261.521242
       0.443725    -261.670121
       0.443663    -261.849424
       0.436818    -262.639293
       0.436818    -262.639293
       0.430367    -265.069321
       0.430367    -265.069321
       0.448639    -262.128040
       0.450892    -262.119868
       0.452586    -262.128290
       0.453540    -262.121483
       0.454499    -262.122362
       0.455733    -262.121027
       0.461272    -262.127000
       0.465047    -262.120060
       0.469900    -262.120829
       0.471689    -262.120810
       0.472723    -262.121389
       0.462858    -260.300815
       0.467077    -260.470943
       0.466431    -260.444718
       0.466811    -260.360278
       0.472377    -260.258798
       0.471181    -260.297648
       0.466506    -260.418680
       0.464807    -260.500078
       0.461090    -260.639507
       0.461090    -260.625645
       0.462087    -260.627785
       0.462438    -260.627265
       0.463655    -260.628564
       0.464224    -260.626729
       0.464795    -260.631500
       0.465449    -260.632395
       0.466026    -260.627755
       0.473727    -260.633536
       0.474318    -260.634398
       0.475293    -260.635281
       0.475293    -258.221684
       0.468412    -259.550546
       0.463984    -259.810294
       0.466032    -259.641220
       0.463251    -259.538914
       0.461191    -259.455458
       0.462550    -259.395757
       0.466461    -259.340029
       0.470948    -259.525522
       0.470895    -259.640026
       0.471245    -259.640120
       0.475303    -259.636981
       0.475674    -259.635944
       0.476047    -259.638560
       0.477386    -259.633977
       0.479858    -259.641978
       0.483479    -259.638847
       0.483684    -259.638909
       0.483649    -259.635921
       0.483807    -259.640385
       0.483807    -257.995045
       0.478821    -258.789977
       0.481946    -258.921113
       0.451028    -258.837819
       0.454262    -258.796551
       0.466315    -258.748373
       0.474885    -258.750849
       0.459554    -258.963538
       0.466449    -259.304672
       0.466449    -259.302852
       0.467077    -259.304748
       0.467417    -259.306716
       0.467759    -259.302452
       0.471866    -259.306026
       0.472213    -259.307394
       0.474990    -259.305936
       0.468542    -259.301268
       0.468896    -259.299529
       0.472065    -259.304086
       0.472428    -259.298696
       0.472428    -258.225504
       0.476821    -259.325212
       0.469565    -259.497698
       0.463383    -259.524072
       0.468018    -259.570053
       0.477358    -259.662744
       0.482980    -259.793294
       0.478186    -259.908713
       0.480130    -260.064278
       0.474737    -260.247057
       0.474737    -260.251789
       0.475019    -260.248743
       0.475305    -260.250753
       0.475135    -260.246585
       0.475429    -260.249846
       0.475727    -260.252127
       0.474595    -260.251755
       0.476654    -260.250618
       0.474799    -260.245052
       0.475104    -260.250578
       0.475688    -260.251950
       0.475688    -259.281823
       0.475982    -259.883732
       0.473414    -260.105270
       0.471298    -260.099976
       0.469701    -260.035403
       0.471972    -259.953438
       0.465426    -259.945346
       0.471659    -259.993634
       0.469727    -260.080177
       0.477568    -260.197850
       0.485804    -260.493064
       0.479925    -260.868313
       0.479626    -260.875586
       0.480081    -260.867777
       0.480572    -260.872681
       0.482911    -260.873839
       0.482980    -260.867216
       0.483050    -260.866873
       0.483120    -260.871175
       0.484318    -260.867701
       0.486707    -260.869638
       0.486782    -260.868026
       0.486782    -260.426702
       0.479356    -260.899517
       0.488301    -260.932218
       0.486697    -260.951705
       0.479761    -261.006855
       0.480439    -261.043795
       0.477496    -261.074176
       0.478945    -261.068217
       0.478873    -261.069360
       0.474863    -261.067521
       0.474614    -261.072203
       0.475169    -261.072050
       0.475313    -261.069610
       0.476557    -261.067337
       0.476179    -261.070298
       0.476743    -261.069299
       0.477309    -261.072426
       0.477309    -260.296501
       0.472628    -260.707776
       0.464710    -260.783024
       0.469847    -260.700650
       0.469464    -260.652048
       0.469702    -260.615975
       0.466940    -260.582589
       0.470291    -260.576808
       0.465714    -260.633625
       0.465714    -260.638550
       0.465787    -260.636813
       0.464145    -260.630850
       0.464957    -260.634132
       0.466874    -260.630998
       0.471356    -260.640352
       0.471386    -260.639006
       0.472091    -260.635975
       0.477349    -260.635500
       0.476841    -260.634438
       0.473250    -260.639846
       0.473250    -260.128960
       0.475133    -260.400949
       0.467199    -260.598032
       0.457782    -260.740801
       0.461279    -260.854873
       0.462521    -261.003627
       0.456672    -262.056612
       0.456672    -262.056612
       0.438725    -265.012848
       0.438725    -265.012848
       0.445057    -262.818978
       0.444341    -262.825314
       0.440698    -262.822871
       0.440363    -262.825455
       0.440450    -262.816967
       0.440537    -262.822274
       0.440950    -262.821704
       0.442178    -262.825465
       0.442267    -262.821891
       0.444143    -262.817495
       0.444232    -262.817093
       0.441541    -263.796281
       0.445218    -263.732321
       0.445802    -263.636317
       0.449505    -263.571634
       0.443696    -263.586928
       0.443696    -263.589187
       0.443867    -263.588350
       0.446659    -263.586397
       0.447196    -263.581969
       0.447776    -263.589469
       0.447958    -263.591204
       0.448142    -263.581552
       0.448327    -263.586625
       0.448246    -263.582793
       0.448792    -263.582370
       0.448985    -263.585044
       0.448985    -262.672467
       0.452127    -263.295256
       0.445612    -263.274747
       0.443271    -263.185598
       0.442851    -263.104447
       0.446309    -263.052360
       0.446108    -263.002239
       0.456241    -263.020493
       0.451396    -263.032014
       0.451554    -263.054253
       0.450511    -263.092838
       0.454851    -263.098061
       0.454693    -263.097992
       0.454868    -263.094897
       0.454744    -263.094795
       0.454827    -263.094820
       0.453249    -263.094584
       0.453436    -263.089746
       0.454771    -263.098459
       0.454953    -263.096788
       0.454798    -263.099325
       0.454798    -262.377901
       0.450551    -262.653770
       0.451605    -262.644647
       0.447293    -262.606344
       0.449022    -262.528223
       0.451265    -262.465421
       0.449618    -262.426695
       0.451093    -262.398653
       0.449487    -262.396087
       0.450570    -262.399943
       0.450719    -262.397424
       0.450869    -262.398734
       0.451020    -262.405910
       0.451171    -262.396141
       0.454612    -262.399402
       0.458987    -262.405097
       0.459406    -262.405206
       0.459559    -262.402991
       0.456933    -262.402200
       0.456933    -261.176093
       0.450952    -261.295015
       0.446211    -261.201980
       0.444741    -260.971923
       0.438698    -260.795847
       0.432514    -260.683499
       0.433978    -260.608350
       0.438112    -260.601686
       0.438743    -260.761974
       0.434408    -260.947962
       0.434408    -260.948438
       0.441142    -260.949848
       0.441611    -260.949971
       0.441721    -260.949657
       0.441831    -260.943611
       0.441481    -260.943753
       0.438860    -260.949750
       0.438923    -260.944375
       0.439034    -260.943942
       0.438768    -260.941732
       0.438945    -260.942492
       0.438945    -259.653649
       0.440269    -259.811153
       0.451769    -259.645526
       0.451460    -259.504598
       0.452780    -259.402712
       0.452505    -259.293502
       0.448802    -259.288156
       0.439381    -259.358086
       0.440478    -260.000665
       0.434373    -259.995657
       0.433652    -259.999880
       0.437869    -259.999859
       0.438171    -259.995296
       0.438371    -259.993109
       0.440194    -259.995264
       0.440402    -259.998196
       0.440614    -260.001557
       0.442025    -259.995174
       0.443641    -259.999436
       0.443641    -258.766357
       0.440646    -259.027686
       0.440231    -258.924583
       0.449860    -258.691121
       0.448693    -258.531071
       0.449345    -258.876616
       0.449633    -258.876043
       0.449480    -258.876544
       0.446486    -258.879132
       0.446749    -258.873574
       0.446550    -258.874417
       0.443772    -258.876035
       0.444055    -258.873295
       0.444343    -258.879500
       0.444635    -258.882268
       0.444932    -258.875668
       0.444932    -256.872943
       0.455305    -257.172786
       0.455219    -257.067865
       0.456266    -256.807551
       0.459434    -256.610456
       0.456903    -256.598747
       0.457246    -256.807193
       0.456492    -257.248138
       0.456612    -257.397991
       0.463497    -257.396994
       0.463751    -257.397536
       0.465260    -257.392882
       0.465092    -257.394362
       0.465352    -257.396542
       0.465614    -257.393287
       0.470462    -257.401311
       0.470026    -257.401344
       0.469838    -257.393782
       0.472719    -257.398246
       0.472719    -255.988487
       0.467189    -256.772419
       0.464988    -257.349560
       0.455545    -257.858488
       0.451544    -258.264427
       0.454457    -258.790134
       0.444775    -261.947447
       0.444775    -261.947447
       0.433513    -261.955396
       0.433513    -261.955396
       0.451840    -263.107552
       0.452751    -263.106567
       0.454068    -263.110107
       0.458189    -263.107966
       0.459875    -263.102854
       0.460815    -263.107484
       0.462138    -263.109334
       0.463090    -263.109018
       0.464835    -263.107544
       0.461236    -263.112061
       0.462538    -263.108735
       0.445252    -260.938367
       0.448597    -260.556061
       0.444102    -260.257251
       0.444590    -259.968802
       0.443373    -259.916911
       0.439439    -260.089397
       0.451004    -260.458073
       0.452677    -261.053035
       0.438102    -261.653545
       0.438580    -262.028529
       0.438580    -262.026666
       0.439237    -262.026460
       0.439365    -262.020596
       0.438151    -262.019605
       0.437692    -262.017245
       0.438146    -262.020575
       0.439577    -262.018878
       0.439726    -262.017583
       0.437148    -262.019502
       0.437622    -262.025711
       0.441424    -262.018556
       0.441424    -260.167506
       0.444357    -261.415479
       0.444113    -261.599905
       0.445765    -261.620109
       0.444815    -261.223646
       0.445360    -261.382499
       0.446350    -261.511327
       0.442852    -261.671646
       0.438611    -261.800732
       0.438824    -261.935974
       0.439384    -261.934688
       0.439663    -261.936994
       0.443910    -261.939196
       0.445864    -261.933101
       0.446144    -261.941579
       0.449074    -261.932475
       0.449359    -261.942061
       0.449178    -261.941136
       0.453915    -261.936437
       0.454207    -261.939701
       0.454207    -260.365753
       0.448819    -261.221900
       0.452121    -261.365132
       0.447511    -261.357317
       0.451317    -261.211353
       0.452021    -261.116026
       0.453603    -261.162082
       0.454124    -261.293102
       0.451585    -261.387727
       0.451585    -261.389548
       0.451851    -261.386823
       0.456925    -261.391504
       0.462159    -261.391131
       0.468298    -261.383214
       0.474181    -261.386991
       0.475343    -261.384099
       0.473242    -261.390922
       0.473907    -261.386765
       0.481208    -261.388293
       0.473024    -261.387662
       0.473024    -260.407135
       0.464859    -260.995136
       0.463622    -260.946254
       0.464779    -260.915236
       0.464886    -260.901440
       0.470463    -260.938072
       0.487196    -261.176008
       0.467257    -261.710335
       0.465560    -262.027196
       0.465945    -262.025784
       0.467312    -262.029532
       0.471868    -262.029378
       0.472101    -262.026018
       0.471546    -262.025909
       0.472710    -262.026019
       0.476948    -262.026645
       0.478035    -262.029522
       0.479264    -262.024342
       0.479946    -262.028881
       0.479946    -260.784446
       0.482767    -261.155890
       0.478261    -261.087675
       0.479421    -260.949558
       0.466120    -260.785152
       0.484769    -260.752062
       0.474380    -261.109776
       0.474691    -261.109474
       0.475170    -261.117498
       0.475650    -261.108910
       0.476614    -261.115055
       0.478022    -261.115849
       0.478505    -261.115997
       0.477329    -261.113897
       0.478625    -261.117061
       0.478833    -261.117844
       0.474700    -261.111872
       0.474700    -259.594370
       0.468956    -259.900447
       0.468595    -259.763281
       0.476935    -259.575279
       0.483411    -259.467830
       0.490018    -259.427224
       0.494278    -259.573612
       0.486233    -259.781681
       0.487185    -259.780615
       0.489377    -259.783782
       0.490472    -259.787114
       0.490258    -259.786807
       0.490599    -259.785010
       0.490941    -259.785178
       0.493263    -259.785307
       0.493611    -259.784391
       0.491281    -259.786523
       0.491638    -259.785068
       0.491638    -259.046409
       0.472541    -259.612378
       0.476748    -259.643366
       0.494324    -259.667146
       0.495620    -259.805330
       0.499794    -260.048165
       0.500325    -260.046674
       0.501208    -260.046822
       0.501744    -260.045095
       0.501728    -260.047927
       0.502039    -260.044801
       0.503057    -260.039366
       0.503600    -260.040161
       0.503710    -260.047213
       0.504256    -260.042814
       0.502877    -260.048338
       0.502877    -258.852557
       0.503600    -259.364750
       0.499522    -259.688571
       0.497661    -259.880925
       0.497222    -260.163810
       0.503654    -260.373408
       0.451600    -263.869712
       0.451600    -263.869712
       0.439928    -264.064837
       0.439928    -264.064837
       0.428487    -263.005102
       0.426201    -263.000853
       0.427883    -263.002633
       0.425812    -263.003985
       0.421439    -263.008851
       0.423271    -263.001457
       0.422190    -263.008017
       0.423720    -263.005619
       0.425961    -263.000434
       0.437645    -263.003043
       0.447778    -263.005325
       0.476986    -256.350537
       0.477765    -256.273926
       0.485400    -256.460743
       0.465514    -256.762284
       0.478886    -257.087653
       0.474007    -257.307413
       0.481696    -257.447153
       0.469881    -257.477449
       0.444265    -257.446444
       0.447678    -257.405957
       0.452862    -257.405652
       0.451527    -257.401895
       0.450068    -257.409087
       0.450139    -257.402098
       0.449211    -257.405173
       0.447823    -257.409591
       0.447110    -257.404577
       0.467126    -257.409226
       0.476454    -257.407661
       0.475306    -257.409500
       0.475306    -253.662356
       0.477888    -254.142198
       0.467797    -254.160375
       0.468138    -254.029902
       0.469336    -253.967982
       0.475465    -253.934218
       0.477486    -253.932378
       0.474026    -253.961549
       0.470505    -254.001093
       0.476124    -254.060764
       0.470931    -254.166078
       0.469225    -254.319233
       0.469165    -254.477927
       0.469165    -254.466712
       0.469732    -254.468253
       0.468684    -254.463051
       0.472080    -254.460251
       0.473197    -254.462850
       0.471944    -254.465681
       0.472559    -254.461902
       0.473732    -254.468065
       0.472817    -254.463330
       0.473309    -254.465231
       0.475727    -254.464882
       0.475727    -252.035732
       0.459835    -253.730167
       0.463597    -254.421822
       0.465228    -254.875595
       0.470588    -254.889755
       0.476294    -254.801857
       0.473600    -254.501381
       0.472355    -254.393042
       0.470134    -254.469961
       0.470134    -254.469224
       0.469621    -254.471531
       0.469936    -254.467584
       0.470828    -254.473489
       0.471542    -254.465011
       0.471622    -254.471919
       0.473770    -254.469100
       0.474107    -254.471685
       0.474270    -254.465462
       0.478878    -254.472905
       0.480208    -254.471601
       0.480208    -253.583294
       0.463812    -255.125941
       0.457890    -255.312914
       0.454894    -255.246995
       0.457319    -255.191874
       0.465982    -255.076393
       0.457447    -255.020731
       0.476395    -255.093951
       0.477163    -255.161902
       0.476770    -255.159049
       0.475767    -255.162265
       0.476525    -255.164600
       0.476405    -255.167230
       0.476287    -255.158939
       0.475921    -255.161950
       0.475768    -255.164314
       0.475422    -255.161305
       0.474594    -255.162657
       0.474187    -255.163930
       0.474187    -253.214996
       0.466427    -254.179743
       0.469472    -254.441643
       0.476820    -254.445893
       0.477411    -254.204530
       0.477606    -253.971546
       0.477367    -253.812544
       0.475792    -253.631160
       0.463866    -253.637965
       0.465797    -253.991691
       0.465143    -253.988659
       0.465876    -253.984815
       0.473803    -253.989070
       0.475538    -253.986556
       0.477583    -253.991036
       0.474113    -253.987818
       0.472172    -253.987664
       0.472101    -253.989031
       0.476069    -253.990623
       0.475693    -253.991695
       0.475693    -252.143325
       0.473491    -253.110533
       0.476111    -253.277839
       0.477853    -253.252269
       0.480289    -252.999267
       0.479318    -252.810488
       0.481229    -252.648947
       0.478417    -252.619557
       0.481151    -253.081415
       0.481151    -253.077917
       0.486812    -253.075117
       0.492252    -253.070048
       0.494172    -253.069024
       0.492438    -253.075705
       0.495685    -253.078105
       0.501893    -253.076734
       0.500707    -253.069288
       0.500052    -253.073280
       0.499514    -253.073232
       0.499687    -253.077554
       0.499687    -251.305116
       0.497605    -252.079261
       0.487596    -252.192353
       0.488164    -252.155437
       0.490610    -251.934032
       0.489124    -251.815837
       0.485679    -251.956377
       0.488430    -252.241052
       0.489371    -252.447146
       0.481836    -252.600362
       0.481989    -252.596324
       0.483230    -252.597137
       0.483625    -252.597844
       0.483674    -252.595515
       0.483825    -252.597189
       0.490835    -252.603164
       0.490948    -252.602410
       0.491099    -252.601210
       0.490981    -252.595834
       0.490884    -252.596960
       0.490884    -251.940644
       0.489096    -252.829444
       0.494240    -253.185368
       0.483307    -253.651076
       0.482312    -254.097420
       0.484481    -254.510963
       0.438177    -264.124654
       0.438177    -264.124654
       0.438016    -263.947070
       0.438016    -263.947070
       0.446572    -263.241801
       0.446977    -263.251489
       0.443985    -263.247377
       0.444719    -263.244051
       0.445832    -263.249113
       0.446245    -263.246669
       0.446659    -263.243884
       0.452484    -263.241893
       0.453316    -263.245431
       0.453749    -263.243850
       0.454509    -263.249850
       0.456168    -261.318154
       0.454987    -261.329824
       0.453722    -261.236276
       0.442819    -261.213667
       0.448313    -261.228818
       0.449114    -261.289046
       0.449476    -261.379769
       0.441318    -261.534642
       0.442351    -261.700775
       0.438459    -262.142238
       0.435234    -262.332762
       0.435505    -262.328693
       0.435422    -262.330308
       0.435342    -262.327971
       0.439200    -262.325804
       0.444336    -262.329109
       0.444259    -262.327744
       0.444550    -262.333673
       0.445356    -262.333212
       0.449461    -262.328783
       0.449252    -262.333698
       0.449252    -261.066898
       0.433896    -261.862574
       0.440325    -261.952261
       0.427196    -261.921126
       0.422150    -261.978266
       0.427896    -262.164573
       0.435317    -262.241012
       0.436303    -262.304017
       0.436476    -262.309149
       0.436651    -262.307172
       0.436827    -262.308693
       0.437004    -262.302006
       0.437579    -262.302693
       0.438164    -262.304994
       0.443910    -262.302561
       0.447768    -262.307208
       0.447951    -262.310384
       0.452586    -262.309051
       0.452586    -261.114622
       0.452545    -261.214638
       0.449721    -261.089762
       0.456728    -260.682711
       0.451364    -260.806216
       0.454259    -260.977474
       0.443622    -261.101463
       0.445344    -261.396128
       0.444954    -261.485024
       0.445361    -261.482612
       0.445460    -261.483370
       0.445980    -261.482171
       0.446474    -261.479820
       0.446573    -261.484333
       0.447120    -261.485016
       0.451143    -261.480421
       0.451240    -261.481238
       0.451337    -261.488151
       0.451764    -261.488259
       0.451764    -260.817939
       0.460185    -261.588900
       0.440004    -261.700860
       0.451688    -261.988372
       0.460336    -262.191232
       0.454855    -262.530887
       0.454855    -262.528767
       0.455682    -262.530560
       0.455640    -262.527370
       0.456022    -262.533924
       0.455423    -262.532449
       0.461779    -262.529316
       0.459638    -262.533308
       0.460153    -262.527937
       0.460030    -262.530574
       0.460425    -262.535468
       0.462431    -262.536791
       0.462431    -261.468719
       0.461020    -261.682704
       0.465202    -261.443355
       0.474260    -261.324084
       0.463690    -261.202372
       0.462636    -261.221554
       0.470687    -261.514742
       0.474285    -261.514452
       0.475757    -261.508049
       0.475802    -261.507611
       0.475990    -261.513193
       0.475227    -261.509273
       0.475423    -261.511210
       0.476048    -261.510042
       0.476250    -261.507675
       0.481692    -261.514354
       0.480294    -261.511675
       0.480294    -260.470296
       0.464875    -260.754783
       0.457010    -260.728412
       0.457128    -260.677782
       0.468618    -260.577061
       0.470116    -260.810589
       0.478091    -260.939243
       0.490581    -261.132242
       0.490581    -261.135934
       0.491003    -261.129767
       0.491429    -261.135018
       0.484820    -261.135853
       0.485250    -261.132961
       0.482793    -261.136656
       0.484583    -261.128910
       0.485015    -261.133452
       0.485192    -261.131627
       0.488321    -261.128062
       0.487249    -261.127696
       0.487249    -259.940987
       0.494827    -260.559334
       0.490483    -260.499394
       0.497584    -260.415952
       0.486816    -260.385013
       0.493620    -260.364877
       0.482364    -260.483920
       0.470046    -260.684161
       0.469116    -260.772691
       0.460841    -260.857056
       0.461357    -260.988592
       0.460363    -261.116195
       0.460363    -261.118012
       0.464051    -261.122592
       0.464361    -261.119942
       0.465717    -261.119516
       0.466465    -261.119197
       0.463030    -261.114452
       0.462748    -261.120163
       0.463305    -261.122225
       0.463621    -261.119028
       0.464710    -261.114510
       0.467950    -261.114449
       0.467950    -260.340407
       0.471193    -261.041005
       0.468650    -261.227510
       0.463345    -261.403317
       0.468374    -261.613208
       0.473048    -261.773719
       0.454761    -262.444149
       0.476505    -262.511847
       0.476505    -262.511847
       0.448597    -263.356971
       0.449615    -263.357939
       0.450585    -263.361715
       0.451296    -263.359294
       0.449095    -263.360679
       0.452785    -263.360489
       0.453199    -263.358273
       0.454391    -263.361877
       0.460530    -263.359946
       0.461642    -263.366788
       0.462745    -263.357907
       0.471829    -261.358164
       0.468420    -261.181517
       0.468100    -261.142159
       0.469913    -261.192507
       0.477917    -261.358934
       0.472972    -261.455431
       0.477931    -261.588197
       0.481584    -261.689956
       0.469415    -261.787359
       0.466402    -261.864409
       0.466538    -261.857626
       0.466653    -261.861674
       0.466760    -261.857214
       0.468050    -261.863447
       0.468163    -261.860687
       0.467131    -261.857513
       0.464737    -261.858459
       0.464873    -261.857001
       0.461901    -261.862014
       0.465313    -261.860650
       0.465313    -259.784554
       0.472150    -260.423579
       0.469405    -260.412108
       0.465352    -260.207214
       0.472023    -259.920188
       0.474122    -259.854289
       0.479041    -259.809527
       0.480208    -259.790117
       0.479931    -259.809058
       0.467090    -259.944555
       0.463006    -260.071891
       0.463345    -260.069404
       0.463686    -260.070059
       0.463772    -260.071456
       0.464118    -260.070106
       0.468309    -260.070913
       0.468554    -260.071469
       0.468876    -260.070981
       0.468607    -260.068264
       0.468967    -260.069316
       0.469330    -260.073601
       0.469330    -258.747778
       0.467601    -259.126645
       0.468262    -259.207836
       0.466832    -259.135134
       0.464213    -259.095056
       0.466530    -259.140199
       0.469461    -259.325746
       0.468184    -259.542300
       0.476406    -259.737101
       0.476634    -259.868927
       0.468500    -260.352047
       0.468931    -260.350914
       0.464640    -260.356008
       0.465068    -260.358789
       0.465498    -260.357379
       0.465930    -260.358321
       0.465886    -260.357806
       0.467091    -260.357642
       0.467532    -260.352690
       0.467121    -260.351805
       0.467565    -260.349812
       0.467565    -259.607528
       0.465166    -259.868717
       0.465380    -259.849228
       0.454587    -259.633786
       0.455028    -259.586289
       0.454970    -259.573483
       0.460447    -259.596483
       0.461481    -259.635751
       0.460958    -259.669609
       0.461269    -259.727101
       0.457691    -259.809775
       0.459675    -259.905789
       0.456813    -260.224064
       0.456699    -260.218748
       0.457978    -260.225238
       0.458041    -260.218506
       0.458282    -260.226448
       0.462045    -260.222856
       0.462277    -260.219734
       0.456895    -260.220252
       0.455603    -260.223304
       0.455168    -260.217540
       0.455838    -260.225655
       0.455838    -259.521380
       0.449941    -260.077418
       0.443972    -260.122138
       0.453180    -260.080180
       0.449196    -260.083214
       0.443969    -260.153303
       0.443957    -260.321649
       0.443957    -260.320187
       0.443871    -260.325832
       0.444108    -260.321519
       0.444347    -260.324812
       0.445101    -260.323758
       0.444965    -260.322817
       0.445488    -260.323773
       0.448434    -260.317726
       0.448690    -260.324593
       0.453497    -260.326307
       0.453765    -260.321462
       0.453765    -259.532237
       0.444371    -260.242383
       0.444158    -260.313266
       0.444737    -260.439874
       0.451120    -260.634689
       0.453237    -260.953226
       0.458196    -261.265685
       0.461313    -261.453217
       0.461313    -261.453730
       0.461578    -261.460993
       0.456537    -261.451934
       0.457194    -261.461169
       0.457464    -261.460836
       0.457735    -261.452393
       0.457715    -261.456186
       0.462533    -261.456168
       0.469470    -261.452413
       0.469832    -261.454731
       0.469752    -261.456522
       0.469752    -260.679211
       0.458922    -261.187611
       0.464155    -261.171912
       0.454760    -261.087640
       0.453951    -261.068294
       0.463159    -261.074430
       0.464891    -261.165557
       0.463677    -261.321037
       0.465830    -261.631718
       0.466103    -261.626310
       0.470678    -261.628878
       0.470960    -261.624546
       0.471242    -261.627412
       0.471852    -261.624974
       0.472516    -261.627951
       0.477330    -261.625313
       0.477183    -261.632889
       0.477283    -261.628720
       0.477575    -261.628322
       0.477575    -260.937456
       0.466316    -261.410668
       0.462808    -261.551608
       0.462445    -261.635441
       0.462635    -261.728387
       0.458253    -261.822815
       0.442598    -264.347277
       0.442598    -264.347277
       0.430935    -265.038300
       0.430935    -265.038300
       0.441292    -263.224338
       0.438904    -263.223734
       0.440537    -263.231226
       0.442405    -263.230482
       0.443739    -263.223940
       0.445457    -263.232111
       0.448004    -263.229936
       0.449012    -263.226167
       0.452295    -263.225439
       0.453994    -263.223157
       0.453392    -263.228447
       0.460823    -259.301738
       0.458734    -258.599735
       0.457872    -258.405831
       0.463062    -258.234505
       0.461237    -258.157154
       0.467108    -258.132280
       0.481011    -258.174052
       0.484094    -258.257982
       0.463202    -258.477261
       0.450843    -258.903856
       0.450843    -258.897312
       0.451607    -258.889797
       0.455599    -258.898600
       0.455747    -258.897411
       0.458044    -258.895949
       0.457242    -258.892356
       0.457002    -258.896552
       0.456757    -258.899038
       0.456943    -258.897044
       0.457624    -258.898779
       0.458215    -258.894530
       0.458215    -257.073023
       0.453526    -258.191528
       0.446086    -258.582259
       0.446147    -258.770011
       0.465177    -258.859380
       0.465037    -259.069284
       0.474180    -259.380371
       0.461737    -259.691226
       0.461192    -259.925258
       0.461192    -259.931642
       0.459056    -259.931187
       0.459090    -259.927972
       0.458658    -259.929413
       0.463771    -259.929438
       0.462590    -259.927162
       0.463508    -259.929311
       0.463944    -259.924409
       0.463594    -259.922103
       0.466310    -259.927994
       0.466850    -259.929364
       0.466850    -259.210087
       0.464552    -259.827329
       0.459858    -260.212719
       0.454621    -260.163537
       0.453944    -260.363833
       0.459170    -260.521086
       0.462998    -260.800866
       0.456361    -261.060904
       0.456361    -261.060347
       0.457164    -261.064944
       0.458060    -261.066918
       0.458461    -261.065312
       0.458548    -261.068670
       0.463234    -261.064812
       0.464878    -261.070115
       0.465354    -261.063987
       0.465524    -261.060515
       0.466391    -261.063214
       0.468967    -261.067550
       0.468967    -260.352465
       0.467880    -260.966182
       0.459111    -261.077466
       0.463803    -260.876443
       0.464594    -260.971109
       0.465656    -261.158610
       0.488621    -261.257199
       0.495163    -261.316857
       0.487272    -261.394062
       0.488826    -261.466268
       0.475140    -261.541670
       0.475140    -261.548015
       0.475512    -261.540854
       0.475886    -261.544069
       0.476263    -261.545734
       0.480472    -261.544363
       0.476874    -261.540461
       0.477278    -261.544215
       0.483453    -261.539562
       0.485370    -261.548607
       0.485797    -261.541699
       0.486539    -261.540033
       0.486539    -260.725879
       0.476410    -261.022259
       0.472591    -260.987257
       0.477123    -261.001454
       0.478940    -260.753713
       0.461450    -261.633589
       0.464053    -261.636146
       0.458457    -261.635566
       0.458719    -261.628574
       0.458983    -261.629080
       0.459572    -261.637208
       0.459840    -261.629482
       0.465527    -261.633313
       0.466640    -261.633749
       0.466335    -261.630665
       0.467049    -261.632819
       0.467049    -260.482108
       0.453633    -260.953637
       0.437554    -260.614106
       0.430984    -261.197192
       0.430936    -262.003303
       0.436194    -262.181932
       0.431006    -262.174875
       0.431598    -262.176975
       0.432524    -262.178250
       0.432726    -262.173685
       0.432027    -262.179461
       0.432245    -262.178923
       0.432467    -262.179205
       0.432694    -262.174656
       0.429400    -262.175120
       0.429631    -262.182038
       0.429631    -260.921300
       0.435667    -261.329072
       0.449384    -262.153491
       0.449384    -262.153115
       0.449669    -262.155670
       0.449261    -262.152747
       0.449555    -262.158181
       0.449852    -262.151668
       0.439876    -262.150343
       0.440186    -262.157903
       0.440956    -262.158410
       0.434949    -262.151260
       0.437570    -262.156285
       0.439950    -262.151559
       0.439950    -261.159086
       0.433049    -261.987818
       0.433598    -262.405749
       0.434149    -262.786467
       0.429785    -262.970831
       0.431311    -263.216753
       0.406975    -264.014552
       0.406975    -264.014552
       0.430111    -265.057045
       0.430111    -265.057045
       0.455404    -263.356713
       0.462566    -263.351651
       0.463406    -263.359661
       0.464226    -263.352097
       0.464177    -263.358294
       0.464130    -263.352669
       0.463794    -263.356653
       0.463753    -263.355734
       0.463710    -263.358543
       0.463669    -263.357449
       0.463272    -263.360077
       0.455975    -261.486673
       0.456287    -261.281118
       0.455712    -261.193500
       0.455258    -261.081078
       0.455956    -261.137106
       0.457425    -261.211005
       0.458267    -261.299886
       0.461016    -261.393177
       0.460834    -261.490384
       0.450927    -261.625851
       0.449834    -261.747366
       0.449663    -261.746716
       0.448585    -261.747551
       0.448463    -261.747929
       0.448342    -261.747136
       0.448223    -261.747388
       0.448104    -261.748127
       0.448777    -261.748193
       0.448393    -261.743709
       0.448283    -261.749371
       0.448515    -261.748708
       0.448515    -260.396660
       0.447932    -260.358413
       0.447539    -260.180814
       0.446267    -259.938821
       0.448400    -259.667445
       0.441319    -259.764176
       0.450980    -259.908341
       0.461079    -260.018769
       0.462887    -260.193106
       0.456359    -260.289498
       0.454333    -260.792121
       0.454119    -260.784074
       0.454268    -260.785827
       0.454056    -260.784189
       0.453847    -260.789283
       0.453285    -260.790995
       0.462263    -260.788047
       0.462635    -260.784354
       0.462021    -260.783914
       0.461814    -260.785517
       0.461608    -260.788830
       0.461608    -259.968047
       0.455522    -260.296986
       0.445486    -260.367516
       0.445688    -260.173948
       0.459019    -260.594227
       0.457283    -260.627289
       0.457125    -260.627735
       0.460675    -260.631089
       0.460525    -260.630772
       0.460379    -260.630134
       0.460235    -260.629237
       0.459768    -260.632137
       0.459633    -260.623198
       0.459884    -260.623694
       0.459680    -260.625229
       0.459555    -260.622314
       0.459555    -259.550652
       0.452481    -259.507039
       0.435580    -259.298259
       0.448310    -259.475154
       0.447203    -259.655996
       0.443600    -259.816066
       0.435398    -260.235978
       0.435435    -260.242516
       0.434935    -260.235178
       0.432507    -260.237554
       0.432555    -260.237341
       0.432605    -260.240361
       0.434425    -260.238078
       0.434485    -260.237537
       0.435790    -260.237422
       0.435668    -260.237725
       0.435738    -260.240356
       0.435738    -259.313176
       0.434821    -259.300560
       0.432843    -259.105594
       0.428875    -258.816476
       0.430812    -258.774584
       0.430751    -258.812546
       0.439350    -258.909475
       0.436660    -258.968202
       0.446238    -259.353052
       0.446387    -259.349055
       0.446536    -259.357673
       0.446685    -259.352952
       0.438855    -259.355313
       0.438341    -259.357180
       0.438490    -259.351063
       0.432765    -259.354052
       0.432570    -259.353217
       0.433066    -259.355619
       0.432965    -259.354824
       0.432965    -258.470026
       0.437670    -258.437629
       0.438820    -258.309198
       0.446028    -258.340262
       0.449538    -258.392255
       0.444132    -258.546594
       0.448695    -258.664272
       0.448695    -258.664302
       0.448435    -258.661130
       0.448610    -258.660779
       0.454286    -258.659853
       0.453830    -258.664240
       0.454018    -258.661407
       0.456224    -258.659430
       0.455631    -258.662853
       0.455820    -258.658794
       0.454937    -258.661548
       0.454118    -258.665673
       0.454118    -257.841561
       0.456878    -258.490845
       0.451299    -258.428414
       0.447248    -258.756698
       0.441340    -258.985794
       0.442056    -259.124394
       0.442101    -259.125601
       0.442542    -259.130073
       0.444973    -259.131511
       0.445018    -259.129258
       0.444362    -259.125900
       0.444075    -259.127652
       0.443788    -259.128786
       0.444184    -259.129543
       0.444225    -259.126325
       0.444264    -259.122302
       0.444264    -258.327452
       0.443941    -258.557139
       0.443724    -258.763290
       0.444139    -258.987642
       0.442216    -259.192174
       0.442573    -259.309681
       0.441341    -261.773755
       0.441341    -261.773755
       0.444329    -261.827158
       0.444329    -261.827158
       0.442653    -263.829986
       0.442224    -263.828416
       0.442094    -263.836255
       0.443537    -263.835286
       0.443409    -263.834343
       0.443282    -263.833021
       0.443155    -263.836068
       0.443030    -263.836651
       0.448130    -263.831671
       0.448258    -263.834020
       0.448582    -263.835647
       0.443862    -262.955065
       0.449764    -262.860685
       0.444413    -262.573472
       0.449188    -262.543482
       0.447560    -262.541524
       0.442176    -262.541106
       0.446259    -262.570440
       0.446154    -262.573722
       0.446427    -262.569301
       0.441489    -262.574076
       0.447060    -262.571315
       0.451593    -262.576125
       0.447921    -262.570948
       0.447437    -262.572753
       0.447333    -262.573843
       0.448250    -262.573294
       0.447003    -262.574008
       0.447003    -261.341447
       0.439791    -261.620321
       0.437901    -261.623815
       0.437819    -261.545899
       0.437806    -261.520321
       0.433820    -261.498153
       0.433299    -261.481026
       0.435215    -261.476768
       0.435215    -261.476532
       0.435185    -261.471775
       0.434826    -261.477684
       0.434804    -261.470715
       0.433020    -261.471478
       0.437536    -261.475033
       0.437516    -261.476093
       0.437058    -261.474741
       0.437496    -261.477512
       0.438964    -261.474091
       0.438601    -261.476536
       0.438601    -260.397210
       0.445491    -260.351413
       0.445191    -260.137303
       0.448472    -259.873541
       0.460064    -259.790802
       0.462488    -259.832445
       0.460154    -259.948439
       0.458810    -260.172986
       0.450651    -260.560675
       0.450651    -260.564193
       0.450699    -260.555380
       0.450586    -260.557613
       0.460745    -260.560775
       0.461284    -260.559552
       0.461342    -260.564372
       0.461400    -260.556392
       0.457971    -260.559563
       0.457754    -260.563706
       0.457345    -260.555224
       0.457406    -260.563916
       0.457406    -259.625900
       0.463600    -260.033540
       0.470103    -260.188588
       0.470572    -260.637845
       0.470178    -260.798709
       0.470600    -261.106490
       0.462555    -261.311252
       0.470186    -261.315113
       0.469947    -261.307418
       0.473320    -261.306648
       0.474210    -261.316161
       0.474290    -261.306725
       0.470493    -261.315706
       0.475283    -261.316378
       0.475369    -261.313498
       0.475084    -261.311639
       0.475086    -261.310849
       0.475086    -260.865841
       0.473056    -261.899882
       0.477447    -262.192482
       0.474874    -262.354083
       0.474874    -262.356996
       0.481368    -262.353745
       0.482347    -262.358618
       0.471492    -262.359175
       0.468897    -262.359543
       0.472849    -262.355421
       0.472010    -262.353428
       0.472063    -262.356513
       0.472118    -262.357983
       0.472561    -262.353974
       0.472618    -262.359686
       0.472618    -261.847669
       0.468433    -262.416000
       0.470968    -262.598425
       0.475180    -262.716526
       0.478328    -262.817633
       0.469937    -263.100373
       0.475815    -263.302048
       0.475924    -263.363492
       0.476310    -263.366921
       0.474732    -263.364494
       0.474644    -263.362135
       0.475693    -263.370405
       0.475952    -263.367027
       0.482716    -263.365657
       0.482257    -263.367292
       0.482165    -263.367577
       0.481321    -263.369738
       0.480572    -263.371340
       0.480572    -262.059955
       0.467939    -262.069966
       0.464762    -261.860977
       0.464156    -262.021490
       0.464041    -262.012565
       0.463925    -262.021128
       0.463811    -262.013965
       0.465524    -262.018197
       0.464935    -262.015939
       0.464822    -262.021305
       0.474089    -262.018415
       0.473283    -262.020643
       0.473642    -262.017911
       0.473140    -262.015065
       0.473140    -260.267350
       0.465023    -261.218119
       0.467212    -261.892846
       0.472275    -262.302993
       0.472769    -262.672370
       0.478450    -263.024316
       0.454106    -264.521016
       0.454106    -264.521016
       0.432075    -265.044863
       0.432075    -265.044863
       0.436695    -263.117302
       0.435706    -263.120488
       0.437129    -263.120685
       0.437454    -263.118644
       0.438258    -263.118790
       0.439043    -263.121870
       0.439084    -263.116010
       0.445016    -263.120249
       0.445092    -263.117416
       0.445463    -263.116693
       0.445839    -263.121542
       0.438677    -262.459517
       0.434401    -262.245322
       0.443476    -262.076123
       0.446794    -262.016573
       0.450012    -262.046862
       0.455919    -262.239276
       0.451418    -262.398427
       0.451588    -262.401012
       0.456344    -262.402361
       0.456181    -262.393854
       0.455778    -262.402634
       0.455975    -262.396755
       0.455480    -262.396327
       0.456039    -262.398531
       0.453815    -262.402321
       0.456018    -262.395191
       0.457562    -262.396010
       0.457562    -259.599107
       0.459581    -260.152723
       0.467900    -260.006811
       0.465250    -259.599578
       0.465139    -259.096780
       0.459621    -258.914839
       0.457836    -258.861384
       0.459468    -258.860595
       0.468770    -258.900733
       0.462243    -259.062141
       0.464823    -259.406393
       0.464728    -259.407025
       0.464820    -259.414033
       0.465636    -259.413866
       0.467221    -259.405844
       0.467026    -259.409647
       0.471071    -259.410457
       0.466304    -259.405795
       0.466413    -259.408958
       0.466940    -259.413521
       0.466197    -259.406960
       0.466197    -257.459412
       0.472662    -257.544147
       0.473258    -257.225400
       0.473779    -257.181394
       0.472658    -257.187672
       0.474804    -257.253159
       0.476258    -257.325120
       0.478570    -257.579208
       0.473875    -257.887056
       0.473875    -257.890090
       0.474038    -257.881968
       0.477187    -257.886308
       0.477367    -257.886207
       0.477551    -257.886679
       0.477264    -257.880919
       0.477785    -257.884910
       0.479938    -257.890056
       0.479111    -257.881693
       0.479330    -257.885499
       0.479114    -257.883725
       0.479114    -256.914498
       0.469531    -257.810909
       0.469852    -257.956812
       0.465406    -258.037781
       0.468466    -258.194870
       0.461699    -258.229466
       0.468908    -258.944330
       0.473052    -258.948890
       0.473276    -258.950437
       0.475100    -258.946239
       0.475036    -258.952219
       0.470407    -258.950144
       0.470687    -258.947781
       0.467686    -258.946794
       0.467640    -258.953252
       0.467933    -258.946272
       0.467961    -258.952509
       0.467961    -257.766580
       0.453892    -258.401738
       0.459079    -258.151683
       0.458383    -258.196640
       0.458713    -258.212985
       0.451015    -258.235975
       0.453547    -258.326828
       0.458231    -258.782909
       0.458401    -258.781259
       0.467018    -258.786650
       0.467552    -258.777802
       0.467756    -258.785640
       0.467963    -258.782470
       0.468273    -258.779227
       0.466148    -258.779095
       0.466374    -258.784656
       0.465330    -258.780758
       0.465146    -258.782502
       0.465146    -257.771558
       0.456511    -259.295456
       0.462534    -259.935114
       0.462534    -259.945181
       0.462813    -259.945667
       0.463093    -259.939772
       0.463560    -259.938226
       0.463964    -259.944564
       0.464680    -259.937817
       0.464965    -259.938476
       0.465175    -259.942848
       0.464771    -259.943553
       0.465547    -259.938843
       0.465433    -259.943370
       0.465433    -259.921230
       0.453399    -260.892124
       0.453622    -261.365158
       0.455189    -261.367443
       0.454755    -261.360992
       0.454928    -261.365579
       0.453320    -261.367532
       0.454749    -261.363401
       0.457848    -261.367584
       0.459302    -261.367765
       0.459469    -261.368321
       0.459638    -261.366333
       0.459807    -261.365273
       0.459807    -261.612406
       0.457907    -262.215518
       0.460908    -262.431667
       0.460164    -262.679715
       0.443911    -263.012003
       0.449400    -263.909048
       0.429879    -266.266989
       0.429879    -266.266989
       0.441257    -264.605577
       0.441655    -264.604672
       0.442072    -264.606889
       0.442737    -264.603198
       0.442516    -264.598601
       0.442614    -264.604063
       0.442718    -264.597515
       0.442498    -264.606541
       0.448208    -264.599083
       0.454368    -264.606120
       0.461124    -264.599902
       0.474863    -261.445783
       0.474626    -261.288997
       0.474276    -261.165181
       0.472139    -261.069126
       0.470561    -261.108317
       0.465891    -261.172289
       0.462861    -261.258785
       0.463372    -261.339066
       0.465270    -261.457266
       0.465780    -261.553713
       0.465780    -261.542322
       0.465962    -261.542518
       0.466145    -261.551613
       0.466330    -261.549060
       0.464876    -261.547740
       0.464562    -261.547550
       0.464752    -261.542021
       0.464694    -261.549994
       0.471607    -261.547843
       0.471794    -261.545734
       0.472705    -261.544632
       0.472705    -259.959684
       0.471719    -260.203614
       0.474845    -260.280582
       0.460167    -260.184656
       0.460841    -259.993191
       0.454605    -260.493026
       0.449815    -260.646344
       0.451151    -260.802997
       0.463153    -260.934194
       0.455677    -261.174028
       0.458295    -261.440741
       0.457868    -261.434170
       0.457912    -261.439977
       0.458437    -261.433321
       0.458488    -261.436122
       0.458872    -261.435929
       0.458600    -261.439683
       0.458662    -261.437116
       0.458727    -261.431194
       0.456463    -261.432544
       0.456533    -261.438654
       0.456533    -260.434519
       0.452876    -260.995457
       0.466029    -261.009698
       0.466482    -261.019775
       0.466747    -261.093464
       0.467502    -261.248422
       0.473009    -261.440674
       0.466659    -261.644325
       0.464461    -261.823648
       0.461254    -262.034393
       0.460063    -262.219064
       0.460162    -262.216520
       0.460264    -262.213812
       0.459994    -262.220100
       0.463958    -262.215083
       0.464072    -262.216214
       0.464190    -262.216758
       0.467875    -262.221301
       0.467481    -262.217341
       0.467610    -262.221908
       0.468116    -262.220553
       0.468116    -260.936405
       0.473088    -261.934433
       0.469401    -262.154414
       0.465924    -262.263035
       0.464488    -262.270726
       0.461942    -262.782675
       0.455678    -263.337499
       0.454595    -263.343382
       0.455800    -263.337584
       0.455826    -263.337280
       0.456171    -263.345017
       0.456202    -263.345027
       0.454076    -263.338187
       0.457881    -263.335614
       0.457431    -263.338537
       0.459919    -263.340589
       0.459972    -263.337015
       0.459972    -261.537914
       0.453120    -262.554468
       0.448650    -262.588299
       0.448139    -262.805423
       0.448627    -262.920236
       0.457220    -263.106350
       0.460180    -263.379285
       0.461426    -263.567401
       0.461426    -263.567392
       0.461704    -263.566473
       0.461687    -263.571080
       0.462023    -263.571139
       0.461583    -263.562453
       0.461570    -263.566255
       0.461558    -263.568026
       0.470074    -263.563106
       0.470540    -263.564117
       0.475952    -263.563696
       0.475954    -263.568444
       0.475954    -262.633594
       0.453961    -263.448692
       0.448893    -263.649152
       0.450679    -263.590787
       0.452733    -263.988736
       0.454175    -264.113378
       0.453644    -264.218732
       0.453640    -264.311676
       0.454346    -264.430593
       0.454798    -264.561402
       0.465107    -264.781344
       0.465107    -264.786854
       0.466413    -264.780914
       0.466433    -264.786432
       0.466455    -264.781518
       0.466851    -264.779194
       0.466878    -264.785581
       0.458723    -264.781297
       0.458765    -264.783021
       0.459599    -264.782414
       0.459648    -264.784523
       0.459326    -264.780111
       0.459326    -263.784575
       0.455378    -264.450814
       0.450295    -264.489803
       0.451410    -264.380476
       0.451636    -264.456958
       0.451624    -264.578070
       0.460576    -264.790433
       0.460621    -264.793020
       0.466789    -264.796686
       0.459148    -264.794589
       0.458798    -264.794966
       0.458851    -264.791966
       0.461071    -264.792854
       0.460678    -264.791600
       0.460743    -264.788668
       0.463181    -264.792219
       0.463253    -264.793044
       0.463253    -263.525905
       0.462352    -263.965729
       0.459667    -264.316386
       0.465144    -264.736651
       0.457100    -265.188529
       0.455002    -265.440914
       0.443917    -267.384220
       0.443917    -267.384220
