       0.672750     288.748926
       0.669707     262.862002
       0.666013     231.925698
       0.662603     203.254925
       0.659430     176.536097
       0.656444     151.536739
       0.653603     128.093346
       0.650876     106.082727
       0.648236      85.405343
       0.645665      65.976208
       0.643147      47.720004
       0.640673      30.568406
       0.638234      14.458561
       0.635824      -0.667849
       0.633440     -14.865225
       0.631077     -28.184500
       0.628733     -40.673482
       0.626663     -52.377140
       0.624346     -63.337837
       0.623951     -73.595535
       0.622897     -83.187970
       0.624475     -92.150814
       0.625204    -100.517812
       0.623852    -108.320911
       0.621630    -115.590376
       0.620183    -122.354896
       0.618301    -128.641679
       0.616546    -134.476546
       0.615131    -139.884013
       0.613198    -144.887370
       0.611542    -149.508753
       0.609625    -153.769218
       0.607535    -157.688798
       0.606278    -161.286575
       0.605348    -164.580731
       0.603222    -167.588608
       0.592455    -170.326758
       0.590139    -172.810996
       0.587743    -175.056446
       0.585336    -177.077586
       0.583402    -178.888287
       0.581894    -180.501852
       0.580678    -181.931051
       0.578953    -183.188147
       0.576425    -184.284929
       0.573874    -185.232739
       0.571298    -186.042511
       0.568694    -186.724829
       0.567186    -187.290017
       0.558800    -187.748293
       0.556081    -188.109985
       0.554060    -188.385826
       0.549497    -188.587261
       0.546470    -188.726652
       0.538730    -188.817183
       0.535636    -188.872273
       0.532538    -188.904473
       0.529599    -188.924167
       0.526434    -188.938682
       0.523242    -188.952444
       0.520087    -188.968336
       0.516864    -188.989897
       0.513461    -189.023554
       0.510099    -189.080061
       0.506670    -189.174312
       0.501181    -189.322978
       0.497939    -189.540048
       0.494993    -189.831668
       0.501120    -190.192980
       0.498102    -190.609703
       0.491955    -191.065043
       0.492390    -191.549295
       0.491413    -192.067001
       0.487656    -192.636492
       0.478084    -193.279948
       0.471252    -194.008647
       0.469131    -194.813132
       0.462850    -195.665219
       0.459393    -196.529695
       0.454745    -197.377519
       0.453580    -198.193866
       0.453040    -198.979171
       0.451675    -199.744391
       0.443112    -200.502864
       0.442399    -201.261985
       0.441538    -202.018449
       0.434730    -202.759518
       0.433427    -203.469341
       0.432686    -204.136448
       0.427300    -204.758215
       0.424422    -205.340299
       0.421823    -205.891921
       0.420526    -206.420211
       0.417134    -206.927377
       0.414190    -207.412584
       0.412820    -207.876890
       0.411486    -208.327016
       0.410051    -208.774254
       0.408562    -209.228769
       0.407023    -209.694242
       0.405092    -210.168057
       0.403241    -210.647064
       0.401337    -211.133951
       0.397424    -211.639412
       0.392265    -212.178786
       0.390299    -212.765060
       0.387562    -213.402076
       0.380576    -214.081806
       0.378204    -214.787069
       0.376126    -215.497575
       0.371204    -216.195801
       0.367000    -216.870772
       0.362750    -217.519700
       0.359883    -218.147806
       0.355150    -218.765722
       0.350956    -219.384147
       0.349066    -220.007632
       0.346198    -220.631501
       0.342117    -221.244217
       0.340153    -221.832927
       0.338243    -222.387908
       0.332157    -222.903870
       0.330368    -223.379202
       0.331251    -223.814970
       0.326028    -224.214436
       0.322997    -224.582757
       0.321642    -224.926438
       0.317885    -225.252468
       0.311479    -225.567273
       0.307579    -225.875717
       0.305881    -226.180509
       0.304120    -226.482486
       0.300553    -226.781820
       0.295445    -227.079492
       0.292965    -227.377796
       0.292780    -227.678923
       0.292130    -227.981997
       0.291416    -228.280589
       0.293278    -228.563071
       0.294597    -228.816356
       0.294395    -229.031154
       0.290978    -229.206223
       0.290528    -229.350079
       0.290357    -229.479829
       0.288135    -229.617341
       0.285999    -229.783439
       0.284705    -229.991794
       0.284500    -230.244990
       0.283150    -230.534743
       0.282018    -230.845980
       0.281896    -231.162322
       0.281573    -231.470225
       0.281327    -231.760761
       0.278185    -232.029893
       0.277810    -232.278714
       0.278107    -232.514027
       0.276150    -232.748159
       0.274541    -232.996306
       0.273646    -233.271078
       0.269592    -233.576360
       0.268483    -233.904016
       0.267759    -234.235610
       0.266831    -234.548146
       0.274253    -234.820417
       0.274786    -235.036959
       0.278697    -235.189041
       0.276979    -235.274317
       0.276938    -235.297131
       0.276403    -235.270062
       0.275976    -235.215067
       0.273056    -235.161012
       0.270201    -235.135861
       0.270819    -235.157260
       0.271293    -235.229129
       0.266621    -235.346756
       0.264762    -235.503982
       0.263646    -235.695595
       0.262007    -235.915385
       0.261150    -236.154793
       0.258755    -236.404832
       0.257551    -236.659234
       0.256280    -236.915257
       0.253581    -237.171153
       0.253145    -237.423018
       0.252721    -237.664562
       0.250181    -237.890788
       0.253780    -238.102868
       0.252850    -238.310230
       0.253864    -238.527589
       0.253220    -238.767883
       0.253652    -239.034723
       0.253031    -239.318538
       0.252585    -239.598776
       0.251893    -239.851641
       0.249303    -240.060374
       0.248825    -240.223558
       0.245237    -240.356376
       0.242332    -240.482086
       0.241148    -240.618121
       0.240738    -240.767980
       0.240303    -240.925779
       0.239734    -241.087573
       0.237741    -241.258104
       0.238247    -241.447895
       0.236865    -241.664087
       0.236049    -241.902655
       0.235274    -242.148155
       0.236096    -242.381276
       0.234028    -242.589071
       0.234137    -242.771971
       0.233797    -242.944427
       0.232979    -243.128811
       0.237399    -243.344698
       0.237532    -243.598525
       0.237609    -243.879739
       0.235893    -244.165818
       0.235401    -244.432479
       0.234079    -244.662743
       0.231330    -244.850608
       0.229078    -244.998768
       0.224394    -245.112476
       0.225151    -245.192902
       0.224867    -245.232949
       0.223906    -245.217124
       0.224049    -245.125992
       0.223121    -244.945457
       0.222905    -244.680224
       0.221163    -244.366253
       0.222205    -244.069068
       0.222169    -243.855824
       0.218618    -243.754803
       0.215846    -243.740406
       0.215997    -243.755301
       0.218026    -243.741214
       0.216944    -243.656904
       0.217404    -243.486172
       0.220439    -243.242586
       0.226674    -242.969645
       0.227219    -242.730661
       0.230667    -242.586567
       0.230458    -242.570957
       0.231193    -242.678757
       0.235152    -242.875361
       0.234815    -243.115663
       0.234850    -243.359119
       0.234067    -243.577000
       0.235128    -243.754547
       0.234853    -243.890071
       0.229829    -243.991623
       0.227978    -244.072169
       0.226482    -244.144578
       0.227309    -244.217389
       0.225659    -244.291604
       0.223070    -244.358952
       0.226318    -244.403057
       0.227961    -244.405037
       0.226683    -244.353041
       0.223766    -244.252494
       0.224780    -244.131930
       0.228409    -244.038675
       0.228989    -244.021384
       0.226620    -244.106341
       0.226012    -244.284726
       0.227071    -244.521738
       0.223548    -244.778324
       0.223036    -245.027964
       0.219712    -245.261024
       0.217070    -245.480276
       0.219800    -245.693667
       0.218902    -245.908139
       0.220366    -246.126203
       0.221024    -246.346082
       0.222006    -246.564635
       0.223351    -246.780220
       0.223156    -246.992613
       0.222704    -247.200522
       0.219603    -247.400045
       0.219194    -247.586314
       0.219819    -247.757201
       0.216289    -247.916652
       0.219958    -248.075880
       0.219764    -248.251501
       0.217776    -248.460502
       0.215915    -248.713450
       0.213666    -249.008836
       0.214330    -249.331522
       0.213338    -249.656344
       0.212759    -249.955392
       0.211660    -250.205888
       0.210026    -250.395884
       0.209847    -250.526522
       0.209357    -250.611123
       0.202893    -250.672041
       0.200970    -250.735741
       0.200123    -250.825436
       0.199792    -250.951449
       0.198816    -251.103807
       0.199806    -251.253598
       0.200679    -251.363347
       0.201613    -251.399846
       0.200625    -251.345086
       0.199700    -251.205883
       0.199870    -251.019945
       0.206582    -250.847337
       0.203613    -250.739098
       0.199718    -250.703488
       0.199028    -250.707216
       0.205714    -250.709093
       0.205582    -250.686253
       0.204426    -250.634436
       0.202682    -250.555244
       0.200406    -250.446792
       0.204214    -250.303491
       0.203920    -250.121751
       0.205061    -249.905654
       0.203221    -249.669083
       0.202241    -249.434412
       0.203784    -249.228923
       0.215711    -249.078569
       0.213846    -248.998845
       0.213483    -248.987127
       0.214499    -249.023749
       0.214075    -249.083252
       0.215209    -249.148031
       0.215900    -249.214870
       0.216337    -249.290714
       0.218485    -249.381008
       0.212748    -249.478922
       0.212889    -249.563853
       0.213270    -249.610961
       0.215202    -249.605164
       0.213925    -249.550592
       0.212572    -249.470350
       0.213637    -249.397265
       0.214394    -249.361386
       0.213815    -249.382292
       0.213359    -249.469913
       0.213660    -249.628857
       0.214274    -249.858372
       0.215891    -250.147115
       0.216200    -250.469027
       0.216808    -250.785430
       0.217498    -251.052558
       0.216673    -251.230379
       0.213204    -251.289398
       0.215618    -251.214790
       0.211122    -251.009069
       0.210494    -250.694076
       0.211240    -250.310862
       0.212015    -249.914508
       0.213229    -249.562934
       0.213805    -249.303786
       0.213072    -249.165219
       0.213240    -249.152125
       0.216140    -249.246040
       0.215468    -249.409892
       0.214479    -249.599973
       0.219164    -249.781832
       0.218752    -249.941621
       0.217322    -250.086970
       0.210599    -250.237919
       0.205570    -250.413452
       0.200942    -250.620982
       0.202199    -250.853656
       0.204270    -251.094607
       0.205546    -251.323404
       0.207198    -251.521123
       0.206515    -251.673710
       0.206534    -251.774975
       0.207021    -251.830314
       0.206059    -251.860202
       0.203703    -251.898772
       0.205845    -251.981519
       0.205827    -252.123693
       0.207359    -252.304391
       0.206799    -252.472201
       0.212926    -252.569446
       0.211720    -252.557228
       0.210659    -252.429266
       0.209967    -252.214810
       0.209944    -251.974356
       0.210101    -251.786707
       0.212265    -251.722431
       0.209024    -251.809541
       0.207412    -252.016402
       0.205131    -252.271307
       0.203629    -252.503841
       0.199119    -252.676167
       0.199858    -252.788123
       0.197802    -252.859724
       0.192599    -252.906127
       0.195254    -252.923970
       0.196449    -252.897390
       0.193592    -252.814093
       0.192420    -252.676801
       0.192238    -252.503697
       0.191594    -252.319315
       0.189558    -252.142111
       0.191015    -251.978994
       0.190543    -251.832956
       0.190360    -251.714131
       0.189861    -251.637545
       0.192283    -251.607541
       0.192260    -251.608255
       0.191186    -251.613478
       0.191422    -251.606158
       0.192183    -251.588907
       0.194805    -251.577409
       0.194974    -251.583357
       0.195002    -251.602603
       0.195095    -251.619151
       0.195531    -251.619261
       0.195474    -251.601674
       0.198172    -251.577033
       0.199152    -251.559612
       0.197439    -251.558351
       0.196140    -251.572697
       0.195048    -251.594613
       0.197752    -251.613607
       0.195751    -251.620373
       0.195290    -251.607747
       0.192771    -251.571524
       0.192973    -251.513825
       0.192675    -251.447954
       0.191928    -251.399655
       0.191607    -251.399124
       0.190366    -251.463769
       0.188668    -251.582197
       0.187507    -251.715011
       0.185967    -251.816881
       0.186032    -251.865250
       0.185518    -251.873847
       0.189271    -251.880006
       0.192452    -251.914156
       0.194804    -251.974374
       0.198245    -252.024955
       0.198932    -252.017809
       0.201402    -251.920118
       0.202702    -251.733021
       0.205587    -251.495599
       0.204094    -251.275109
       0.205099    -251.145141
       0.201490    -251.155111
       0.202242    -251.305188
       0.202085    -251.546034
       0.196363    -251.804492
       0.197906    -252.016049
       0.197426    -252.147727
       0.195086    -252.206889
       0.190117    -252.234720
       0.188246    -252.283268
       0.188370    -252.383612
       0.189245    -252.525207
       0.191335    -252.662134
       0.190597    -252.740498
       0.193334    -252.728570
       0.193457    -252.635879
       0.191117    -252.514549
       0.191025    -252.439491
       0.190758    -252.471659
       0.190072    -252.624055
       0.189682    -252.856360
       0.188409    -253.101965
       0.188341    -253.302749
       0.188005    -253.428135
       0.189653    -253.475338
       0.188362    -253.459444
       0.190400    -253.401412
       0.189509    -253.318038
       0.193531    -253.215733
       0.194469    -253.089843
       0.195370    -252.930390
       0.200009    -252.731556
       0.200739    -252.498968
       0.203546    -252.250437
       0.200167    -252.011742
       0.198293    -251.812486
       0.195791    -251.682315
       0.199883    -251.642141
       0.200125    -251.691314
       0.201794    -251.802592
       0.203728    -251.932403
       0.203261    -252.039067
       0.200046    -252.096823
       0.197132    -252.100057
       0.197742    -252.059290
       0.199820    -251.993999
       0.195915    -251.926958
       0.193147    -251.881990
       0.192495    -251.884057
       0.191638    -251.959101
       0.189884    -252.130255
       0.190885    -252.407242
       0.188908    -252.770755
       0.185960    -253.163348
       0.181527    -253.499654
       0.181340    -253.693115
       0.181276    -253.682906
       0.180898    -253.450215
       0.179927    -253.025453
       0.181042    -252.490715
       0.180558    -251.972579
       0.182369    -251.609176
       0.182435    -251.488877
       0.181749    -251.600343
       0.181728    -251.841607
       0.181518    -252.079300
       0.181529    -252.207854
       0.178633    -252.177258
       0.177491    -251.992681
       0.181417    -251.700736
       0.180822    -251.369085
       0.188016    -251.060269
       0.188216    -250.810155
       0.187530    -250.628758
       0.188189    -250.520048
       0.187400    -250.493019
       0.188048    -250.551765
       0.188064    -250.681837
       0.188333    -250.848686
       0.190514    -251.005962
       0.189844    -251.107091
       0.191140    -251.119195
       0.191986    -251.040144
       0.192037    -250.912865
       0.190560    -250.819074
       0.188685    -250.837485
       0.189047    -250.990605
       0.194510    -251.234100
       0.192868    -251.497572
       0.201091    -251.730295
       0.196658    -251.918097
       0.195315    -252.071978
       0.191158    -252.204470
       0.187660    -252.314515
       0.187601    -252.393582
       0.189152    -252.444084
       0.189414    -252.488655
       0.185896    -252.558121
       0.185011    -252.665095
       0.184842    -252.784994
       0.186672    -252.863870
       0.183696    -252.850215
       0.183336    -252.728504
       0.183885    -252.532928
       0.183110    -252.331045
       0.182720    -252.183913
       0.183888    -252.112311
       0.183875    -252.099291
       0.181132    -252.121309
       0.181333    -252.174604
       0.181454    -252.279921
       0.181813    -252.468290
       0.181938    -252.754505
       0.182233    -253.113216
       0.182520    -253.480460
       0.181692    -253.783098
       0.182724    -253.970914
       0.183103    -254.030772
       0.182912    -253.983031
       0.183193    -253.869145
       0.183612    -253.737767
       0.184610    -253.633252
       0.184535    -253.587140
       0.183856    -253.611845
       0.184388    -253.698588
       0.185213    -253.823347
       0.187573    -253.959142
       0.187175    -254.086244
       0.187312    -254.193102
       0.186705    -254.269486
       0.185669    -254.300538
       0.186319    -254.268426
       0.185333    -254.160053
       0.183865    -253.974669
       0.184725    -253.727221
       0.185414    -253.446849
       0.186431    -253.172125
       0.192782    -252.946508
       0.190760    -252.815869
       0.188744    -252.821108
       0.190070    -252.978032
       0.188560    -253.257906
       0.188371    -253.592817
       0.188190    -253.902659
       0.189943    -254.119405
       0.187320    -254.198725
       0.186311    -254.125624
       0.184610    -253.918741
       0.186744    -253.629539
       0.188980    -253.329587
       0.194413    -253.085213
       0.194438    -252.932248
       0.194452    -252.869410
       0.193539    -252.873167
       0.193195    -252.917127
       0.191729    -252.980390
       0.191863    -253.045051
       0.194230    -253.092609
       0.192118    -253.106775
       0.191086    -253.081923
       0.191601    -253.030171
       0.193746    -252.979459
       0.192786    -252.960337
       0.191129    -252.987846
       0.190973    -253.050398
       0.191794    -253.113262
       0.189313    -253.133790
       0.193198    -253.079357
       0.193448    -252.940228
       0.193118    -252.733574
       0.191275    -252.498093
       0.189904    -252.281328
       0.191439    -252.124309
       0.193027    -252.049936
       0.194141    -252.059605
       0.195630    -252.135738
       0.196391    -252.244570
       0.193281    -252.340881
       0.193784    -252.382103
       0.194602    -252.351518
       0.191189    -252.277682
       0.192275    -252.231187
       0.192950    -252.286887
       0.193048    -252.470103
       0.194539    -252.736786
       0.194769    -253.009896
       0.193920    -253.232253
       0.195348    -253.390393
       0.194908    -253.503234
       0.199141    -253.594339
       0.198710    -253.669222
       0.198415    -253.710240
       0.192160    -253.687986
       0.194083    -253.579088
       0.193032    -253.381008
       0.193080    -253.119305
       0.193372    -252.845369
       0.192233    -252.623192
       0.193833    -252.507082
       0.191897    -252.519436
       0.189864    -252.641653
       0.188769    -252.824530
       0.188576    -253.011350
       0.187989    -253.160242
       0.188296    -253.256466
       0.187983    -253.311114
       0.190081    -253.345568
       0.190206    -253.367916
       0.189770    -253.358858
       0.188323    -253.281477
       0.186374    -253.108029
       0.186148    -252.842572
       0.187709    -252.522831
       0.188476    -252.201326
       0.189326    -251.924927
       0.187154    -251.730427
       0.188536    -251.647363
       0.191560    -251.692436
       0.190935    -251.861622
       0.186560    -252.130893
       0.185481    -252.461448
       0.184749    -252.804097
       0.186198    -253.105813
       0.185771    -253.319808
       0.183867    -253.415214
       0.184455    -253.383632
       0.184477    -253.242368
       0.185799    -253.032892
       0.185629    -252.811449
       0.191423    -252.631461
       0.196728    -252.524308
       0.194079    -252.489237
       0.196048    -252.498068
       0.196526    -252.510526
       0.194428    -252.491626
       0.193928    -252.424785
       0.195169    -252.317179
       0.192291    -252.195149
       0.190377    -252.091166
       0.189298    -252.030437
       0.184285    -252.026593
       0.184326    -252.085906
       0.186905    -252.208405
       0.186317    -252.379598
       0.184326    -252.563855
       0.183785    -252.713766
       0.183579    -252.792647
       0.187865    -252.793470
       0.187761    -252.740770
       0.187153    -252.674840
       0.187432    -252.629352
       0.191756    -252.616670
       0.191922    -252.626982
       0.190488    -252.637807
       0.191134    -252.628472
       0.192187    -252.594803
       0.192746    -252.557182
       0.193367    -252.553524
       0.194162    -252.614623
       0.194446    -252.736074
       0.202772    -252.871827
       0.199856    -252.956992
       0.200174    -252.941155
       0.199966    -252.811117
       0.204298    -252.595353
       0.208512    -252.351385
       0.208471    -252.141167
       0.206702    -252.004874
       0.205536    -251.947089
       0.205109    -251.943585
       0.202232    -251.962890
       0.204718    -251.987397
       0.204079    -252.021911
       0.201268    -252.087644
       0.200031    -252.207619
       0.202812    -252.392464
       0.201268    -252.634429
       0.201535    -252.911826
       0.201267    -253.199207
       0.193767    -253.476035
       0.193714    -253.729946
       0.194351    -253.955149
       0.192733    -254.148619
       0.190278    -254.307032
       0.192469    -254.426258
       0.191097    -254.502921
       0.186982    -254.535894
       0.187882    -254.526251
       0.188501    -254.475879
       0.187600    -254.386258
       0.186632    -254.259345
       0.184999    -254.101673
       0.186653    -253.929908
       0.186203    -253.772338
       0.183854    -253.660774
       0.183496    -253.614579
       0.182242    -253.627560
       0.181719    -253.667891
       0.181505    -253.690831
       0.185372    -253.655538
       0.185411    -253.537821
       0.185405    -253.336616
       0.186749    -253.075564
       0.185270    -252.799116
       0.187762    -252.561382
       0.188367    -252.409921
       0.189742    -252.371310
       0.189737    -252.444889
       0.191094    -252.606512
       0.188778    -252.819529
       0.187108    -253.047604
       0.188337    -253.263935
       0.190992    -253.454115
       0.188885    -253.613346
       0.187867    -253.740761
       0.187460    -253.833981
       0.187202    -253.886580
       0.187133    -253.889740
       0.189435    -253.837223
       0.186211    -253.731047
       0.184056    -253.585730
       0.182408    -253.430264
       0.180728    -253.306357
       0.181326    -253.259200
       0.184166    -253.319408
       0.194270    -253.485048
       0.193335    -253.719243
       0.187882    -253.967718
       0.187723    -254.182838
       0.187939    -254.338303
       0.187281    -254.430149
       0.185617    -254.468951
       0.186250    -254.470268
       0.186113    -254.448964
       0.184887    -254.420272
       0.183301    -254.405740
       0.183058    -254.436424
       0.182994    -254.544691
       0.181892    -254.745765
       0.181923    -255.023712
       0.181835    -255.335842
       0.182383    -255.631966
       0.180753    -255.873276
       0.178985    -256.041804
       0.176764    -256.141542
       0.176853    -256.193298
       0.175709    -256.221546
       0.175908    -256.235728
       0.175991    -256.220601
       0.176887    -256.148707
       0.178431    -256.007475
       0.176693    -255.820783
       0.176228    -255.649781
       0.176704    -255.566325
       0.175581    -255.608255
       0.176017    -255.749979
       0.172760    -255.917363
       0.172866    -256.032040
       0.175147    -256.047867
       0.176922    -255.963998
       0.177732    -255.819952
       0.177705    -255.677672
       0.177676    -255.592756
       0.178294    -255.585852
       0.178014    -255.633891
       0.178565    -255.689659
       0.175219    -255.714467
       0.175109    -255.699719
       0.176704    -255.665561
       0.177818    -255.642839
       0.176925    -255.654565
       0.177269    -255.708694
       0.177056    -255.800721
       0.175718    -255.918015
       0.178257    -256.042915
       0.178149    -256.156972
       0.177952    -256.246682
       0.175726    -256.306510
       0.174045    -256.335525
       0.173952    -256.330337
       0.174281    -256.282068
       0.176303    -256.181926
       0.175177    -256.031159
       0.177765    -255.846579
       0.176098    -255.656027
       0.178600    -255.485514
       0.176573    -255.346491
       0.174388    -255.233132
       0.173841    -255.132780
       0.174362    -255.042297
       0.174800    -254.978235
       0.175366    -254.971559
       0.173849    -255.045883
       0.173482    -255.191557
       0.175252    -255.357732
       0.175601    -255.473110
       0.175723    -255.481244
       0.179129    -255.368123
       0.180284    -255.169958
       0.179980    -254.957383
       0.179782    -254.798711
       0.179565    -254.721796
       0.179785    -254.705267
       0.182492    -254.706409
       0.183741    -254.698085
       0.185216    -254.683747
       0.183098    -254.681106
       0.181541    -254.693497
       0.178633    -254.703645
       0.177399    -254.697310
       0.175626    -254.684793
       0.178395    -254.694276
       0.178457    -254.746416
       0.181471    -254.836585
       0.183115    -254.937574
       0.183229    -255.015222
       0.182460    -255.044108
       0.185109    -255.016197
       0.185109    -254.941195
       0.185232    -254.840502
       0.186267    -254.738203
       0.188557    -254.652766
       0.188099    -254.592294
       0.190504    -254.554524
       0.185927    -254.531064
       0.185861    -254.515384
       0.185316    -254.512246
       0.183508    -254.540481
       0.184286    -254.621234
       0.184394    -254.757273
       0.180918    -254.922592
       0.180788    -255.073857
       0.180282    -255.173103
       0.179402    -255.203762
       0.180615    -255.172929
       0.182151    -255.102555
       0.182158    -255.014767
       0.182422    -254.919342
       0.180639    -254.813980
       0.182187    -254.701252
       0.181166    -254.610938
       0.178106    -254.605167
       0.179749    -254.745414
       0.179973    -255.033188
       0.179953    -255.388767
       0.179560    -255.704939
       0.176921    -255.916587
       0.176845    -256.023834
       0.175353    -256.072312
       0.175625    -256.117529
       0.176270    -256.191188
       0.176067    -256.282857
       0.176798    -256.347425
       0.176472    -256.334802
       0.177859    -256.223591
       0.174226    -256.040183
       0.174567    -255.853583
       0.173035    -255.744311
       0.172914    -255.758578
       0.177380    -255.877135
       0.175538    -256.025910
       0.175822    -256.121466
       0.173393    -256.118109
       0.173409    -256.030867
       0.173899    -255.925013
       0.174501    -255.874861
       0.175039    -255.915573
       0.175912    -256.025575
       0.173752    -256.147336
       0.173429    -256.217328
       0.172474    -256.185584
       0.174359    -256.028462
       0.172743    -255.758501
       0.171500    -255.426830
       0.172037    -255.110988
       0.174971    -254.885675
       0.178650    -254.787569
       0.178773    -254.799029
       0.178516    -254.866895
       0.178885    -254.942513
       0.178666    -255.010468
       0.177722    -255.085089
       0.180100    -255.183614
       0.175886    -255.305342
       0.176199    -255.432687
       0.179733    -255.541013
       0.176223    -255.602053
       0.175682    -255.585520
       0.176996    -255.469455
       0.176855    -255.257508
       0.173870    -254.990369
       0.173312    -254.738329
       0.172674    -254.571547
       0.171741    -254.523083
       0.172340    -254.573437
       0.170880    -254.670828
       0.171869    -254.768668
       0.171767    -254.850621
       0.176105    -254.930988
       0.176253    -255.037390
       0.175851    -255.190086
       0.176277    -255.390218
       0.176344    -255.621173
       0.176486    -255.857557
       0.176182    -256.073369
       0.178946    -256.247169
       0.180668    -256.366971
       0.179214    -256.434763
       0.179852    -256.465892
       0.180626    -256.480413
       0.182314    -256.490824
       0.181098    -256.493651
       0.181005    -256.467733
       0.180394    -256.379955
       0.180367    -256.200873
       0.182730    -255.925396
       0.181498    -255.582874
       0.182159    -255.226863
       0.179227    -254.916501
       0.179555    -254.705138
       0.179481    -254.626284
       0.181706    -254.671887
       0.182021    -254.795406
       0.182423    -254.949780
       0.182534    -255.118395
       0.181198    -255.309342
       0.180415    -255.527186
       0.182573    -255.753238
       0.183897    -255.949583
       0.182933    -256.076593
       0.182683    -256.107425
       0.183591    -256.035175
       0.183480    -255.874992
       0.182856    -255.660008
       0.181750    -255.429484
       0.184002    -255.214112
       0.184208    -255.027324
       0.184166    -254.866850
       0.184312    -254.723698
       0.183085    -254.592231
       0.182601    -254.475107
       0.181750    -254.379623
       0.182868    -254.308452
       0.184876    -254.254869
       0.184114    -254.208889
       0.183958    -254.166292
       0.184615    -254.129043
       0.184932    -254.100097
       0.187057    -254.084007
       0.187539    -254.094519
       0.184886    -254.161415
       0.182509    -254.329607
       0.181220    -254.642462
       0.182209    -255.107923
       0.181355    -255.670753
       0.182625    -256.221441
       0.181693    -256.637953
       0.182855    -256.829364
       0.181932    -256.764036
       0.179191    -256.485372
       0.179001    -256.113568
       0.174807    -255.811884
       0.174140    -255.704592
       0.175256    -255.799991
       0.174934    -255.998638
       0.174361    -256.170421
       0.173491    -256.219807
       0.173737    -256.109243
       0.174719    -255.857588
       0.173973    -255.528978
       0.173288    -255.213221
       0.174874    -254.992285
       0.172731    -254.899072
       0.173571    -254.898448
       0.173020    -254.914060
       0.173672    -254.879317
       0.175635    -254.772444
       0.175517    -254.622383
       0.177869    -254.493246
       0.175246    -254.451783
       0.179308    -254.527748
       0.180803    -254.699273
       0.181891    -254.918056
       0.183149    -255.140038
       0.181489    -255.332524
       0.180215    -255.468349
       0.179969    -255.525085
       0.181470    -255.492741
       0.184563    -255.386070
       0.184186    -255.255579
       0.182001    -255.184772
       0.181902    -255.257053
       0.182477    -255.498441
       0.181510    -255.846937
       0.178277    -256.187648
       0.177646    -256.415503
       0.175001    -256.471235
       0.171112    -256.348346
       0.174597    -256.091222
       0.173318    -255.788177
       0.172009    -255.548211
       0.174576    -255.457204
       0.172307    -255.533942
       0.171863    -255.720262
       0.171498    -255.917809
       0.171728    -256.046230
       0.173418    -256.082948
       0.173576    -256.061334
       0.175262    -256.032391
       0.175514    -256.020752
       0.176295    -256.011618
       0.177616    -255.974762
       0.177939    -255.895933
       0.179123    -255.789829
       0.178770    -255.695892
       0.175208    -255.665829
       0.174798    -255.742031
       0.174208    -255.930111
       0.172813    -256.184115
       0.171502    -256.418668
       0.170772    -256.540629
       0.169757    -256.482694
       0.169234    -256.229274
       0.170264    -255.832824
       0.172422    -255.411754
       0.170564    -255.110865
       0.170190    -255.028703
       0.167175    -255.164947
       0.169167    -255.432429
       0.171812    -255.713253
       0.172135    -255.910875
       0.171021    -255.975281
       0.169276    -255.905872
       0.173066    -255.741680
       0.174971    -255.542773
       0.177794    -255.366051
       0.175922    -255.245401
       0.176346    -255.188334
       0.175907    -255.188639
       0.176573    -255.239348
       0.176400    -255.332697
       0.177859    -255.450457
       0.177474    -255.558285
       0.177039    -255.612321
       0.174391    -255.575467
       0.172803    -255.436187
       0.172618    -255.222622
       0.173782    -255.003466
       0.173607    -254.866194
       0.171637    -254.873863
       0.172568    -255.026328
       0.171792    -255.260060
       0.171550    -255.488057
       0.172027    -255.646809
       0.175481    -255.720852
       0.175176    -255.736933
       0.177747    -255.736970
       0.174351    -255.750364
       0.170204    -255.782917
       0.171701    -255.822127
       0.175091    -255.848652
       0.173375    -255.847338
       0.172238    -255.815067
       0.174529    -255.762832
       0.175877    -255.711144
       0.177234    -255.681994
       0.180786    -255.693241
       0.179927    -255.757484
       0.178133    -255.878529
       0.178991    -256.039827
       0.179294    -256.198619
       0.179091    -256.303552
       0.178911    -256.323446
       0.177869    -256.261381
       0.179062    -256.149319
       0.177130    -256.032340
       0.175328    -255.948553
       0.173771    -255.910210
       0.169132    -255.897082
       0.168564    -255.870193
       0.167835    -255.797774
       0.168851    -255.674738
       0.168712    -255.525457
       0.169039    -255.392967
       0.168145    -255.320245
       0.170251    -255.328057
       0.174180    -255.400742
       0.176744    -255.494215
       0.175915    -255.563574
       0.178768    -255.590089
       0.178005    -255.590439
       0.177404    -255.604913
       0.175972    -255.672118
       0.177087    -255.804473
       0.175127    -255.978993
       0.174393    -256.148473
       0.172248    -256.265628
       0.170177    -256.306143
       0.167385    -256.277441
       0.167180    -256.207238
       0.168741    -256.120083
       0.168652    -256.022580
       0.168884    -255.910605
       0.169388    -255.787822
       0.169334    -255.674541
       0.171399    -255.599007
       0.170706    -255.579398
       0.172771    -255.609123
       0.173264    -255.653895
       0.175115    -255.663444
       0.177519    -255.594003
       0.177355    -255.431102
       0.176148    -255.201095
       0.170668    -254.963294
       0.175340    -254.782178
       0.174460    -254.694056
       0.174375    -254.692451
       0.174552    -254.740599
       0.174844    -254.793528
       0.172239    -254.811586
       0.170636    -254.766211
       0.172077    -254.647973
       0.173643    -254.478716
       0.173314    -254.316624
       0.170832    -254.238513
       0.172110    -254.298204
       0.172018    -254.490239
       0.174178    -254.755869
       0.174105    -255.026590
       0.177237    -255.263494
       0.175768    -255.464244
       0.174111    -255.641901
       0.175815    -255.798083
       0.176133    -255.912043
       0.175578    -255.950413
       0.173862    -255.885991
       0.174116    -255.712974
       0.175912    -255.453878
       0.175339    -255.157232
       0.175708    -254.884454
       0.178071    -254.687551
       0.175531    -254.590103
       0.174996    -254.587447
       0.175313    -254.664507
       0.176459    -254.811329
       0.175455    -255.022267
       0.170438    -255.283475
       0.169709    -255.563103
       0.170139    -255.814383
       0.169481    -255.990642
       0.169647    -256.062436
       0.171424    -256.026682
       0.174803    -255.904193
       0.176249    -255.729146
       0.177005    -255.537054
       0.177511    -255.354572
       0.176488    -255.191730
       0.176505    -255.043013
       0.174459    -254.904833
       0.174501    -254.797508
       0.175076    -254.765500
       0.173387    -254.848815
       0.173810    -255.049925
       0.173038    -255.325510
       0.171915    -255.605922
       0.173639    -255.823231
       0.172958    -255.932558
       0.174504    -255.923655
       0.174258    -255.822953
       0.174214    -255.683705
       0.173455    -255.562323
       0.181241    -255.488531
       0.180235    -255.449437
       0.175365    -255.403607
       0.174850    -255.316282
       0.174700    -255.188093
       0.172837    -255.056326
       0.171416    -254.969925
       0.175029    -254.957776
       0.176034    -255.009889
       0.175001    -255.077832
       0.174354    -255.092634
       0.173118    -254.994724
       0.174692    -254.764407
       0.174817    -254.439555
       0.174492    -254.110826
       0.172602    -253.890739
       0.170616    -253.865971
       0.171417    -254.058472
       0.170728    -254.419333
       0.173146    -254.855226
       0.171667    -255.266814
       0.171223    -255.579128
       0.173063    -255.755823
       0.173844    -255.798837
       0.173160    -255.738932
       0.173272    -255.623029
       0.172667    -255.502089
       0.172814    -255.419846
       0.170993    -255.402025
       0.168465    -255.449609
       0.167850    -255.542194
       0.167978    -255.651261
       0.167307    -255.754600
       0.166923    -255.843484
       0.166360    -255.921707
       0.164826    -256.000179
       0.168486    -256.090477
       0.168298    -256.199352
       0.169278    -256.325776
       0.170420    -256.461568
       0.170770    -256.594755
       0.172869    -256.713173
       0.173966    -256.806568
       0.172337    -256.867841
       0.173009    -256.894856
       0.173214    -256.892391
       0.172162    -256.871521
       0.171264    -256.844605
       0.171265    -256.818339
       0.170669    -256.789722
       0.172527    -256.746826
       0.172265    -256.672202
       0.171691    -256.547359
       0.172039    -256.359756
       0.171900    -256.112729
       0.171565    -255.833234
       0.169367    -255.568640
       0.173367    -255.368309
       0.172800    -255.257947
       0.170783    -255.226816
       0.171953    -255.240763
       0.173644    -255.267833
       0.172491    -255.294456
       0.172790    -255.327151
       0.175013    -255.386738
       0.173191    -255.498978
       0.176060    -255.680776
       0.176479    -255.925336
       0.175051    -256.196807
       0.174285    -256.440415
       0.178617    -256.601486
       0.178787    -256.642005
       0.180600    -256.548196
       0.182158    -256.329253
       0.183724    -256.011798
       0.184832    -255.634842
       0.185671    -255.246271
       0.185730    -254.898652
       0.186382    -254.643071
       0.184947    -254.520812
       0.184367    -254.551817
       0.183818    -254.722910
       0.179643    -254.986705
       0.181165    -255.278384
       0.179047    -255.541030
       0.178165    -255.742764
       0.178667    -255.878320
       0.178889    -255.960240
       0.175258    -256.008826
       0.172327    -256.045376
       0.169090    -256.087625
       0.169088    -256.146458
       0.171011    -256.226136
       0.172966    -256.328601
       0.173618    -256.456651
       0.173598    -256.610660
       0.173675    -256.780272
       0.176991    -256.937879
       0.178309    -257.040664
       0.179402    -257.043525
       0.178708    -256.917266
       0.177805    -256.660876
       0.177681    -256.301059
       0.175039    -255.884414
       0.170980    -255.472899
       0.170866    -255.139991
       0.171028    -254.951075
       0.172973    -254.928262
       0.172450    -255.031713
       0.171574    -255.183184
       0.173821    -255.315166
       0.171825    -255.406341
       0.170534    -255.479831
       0.170027    -255.571137
       0.171007    -255.694593
       0.172832    -255.834259
       0.177033    -255.959462
       0.176632    -256.046109
       0.179916    -256.089125
       0.176593    -256.102415
       0.174048    -256.108126
       0.174929    -256.120973
       0.176653    -256.138098
       0.176043    -256.142597
       0.174898    -256.117051
       0.179127    -256.055390
       0.180669    -255.966410
       0.177413    -255.872122
       0.177275    -255.805661
       0.177306    -255.805620
       0.175517    -255.900213
       0.175705    -256.086976
       0.173152    -256.326575
       0.174954    -256.560104
       0.173417    -256.738546
       0.174060    -256.845950
       0.173653    -256.903315
       0.172608    -256.948810
       0.177952    -257.006966
       0.175997    -257.074282
       0.176209    -257.132072
       0.178439    -257.166342
       0.179094    -257.175514
       0.178988    -257.168660
       0.178313    -257.161786
       0.178579    -257.171619
       0.177314    -257.207669
       0.176518    -257.269026
       0.176817    -257.345814
       0.175131    -257.418189
       0.177024    -257.455179
       0.174885    -257.424863
       0.175653    -257.316655
       0.174047    -257.159566
       0.174247    -257.018230
       0.174317    -256.961651
       0.173647    -257.021593
       0.173495    -257.172402
       0.174220    -257.348719
       0.173784    -257.483495
       0.173501    -257.537644
       0.172837    -257.510438
       0.174337    -257.435585
       0.175320    -257.368208
       0.175630    -257.364225
       0.176309    -257.456389
       0.174217    -257.637254
       0.175620    -257.859702
       0.175517    -258.057080
       0.175563    -258.172110
       0.176515    -258.178453
       0.176759    -258.085730
       0.176114    -257.929119
       0.175927    -257.751334
       0.176332    -257.587474
       0.175826    -257.459320
       0.175992    -257.376220
       0.176128    -257.336570
       0.176987    -257.330627
       0.177214    -257.347821
       0.176933    -257.383821
       0.176359    -257.438397
       0.174000    -257.504137
       0.173151    -257.558952
       0.172314    -257.575304
       0.171707    -257.542062
       0.171010    -257.477719
       0.169991    -257.419293
       0.169527    -257.400280
       0.168786    -257.444093
       0.167758    -257.570559
       0.167467    -257.791033
       0.166101    -258.090231
       0.165359    -258.419433
       0.162761    -258.714173
       0.162932    -258.922452
       0.163535    -259.025235
       0.164457    -259.042144
       0.164826    -259.020923
       0.169566    -259.012312
       0.169850    -259.040635
       0.169669    -259.088322
       0.170006    -259.105740
       0.168499    -259.038947
       0.168119    -258.856856
       0.165593    -258.564562
       0.164171    -258.201287
       0.164690    -257.828506
       0.166274    -257.512949
       0.166241    -257.306299
       0.165782    -257.228233
       0.165202    -257.263874
       0.165757    -257.376407
       0.166474    -257.524449
       0.165851    -257.675532
       0.164859    -257.811387
       0.165001    -257.923432
       0.165660    -258.002041
       0.167169    -258.027984
       0.167651    -257.974471
       0.170314    -257.823198
       0.169094    -257.588429
       0.169031    -257.331942
       0.170056    -257.147509
       0.170387    -257.110299
       0.170011    -257.224978
       0.173391    -257.420488
       0.173117    -257.594386
       0.172950    -257.666220
       0.172816    -257.610757
       0.173077    -257.466303
       0.173428    -257.316085
       0.173389    -257.242635
       0.171904    -257.277911
       0.171979    -257.387269
       0.173580    -257.497086
       0.171832    -257.537556
       0.173351    -257.471374
       0.175463    -257.300489
       0.174016    -257.057932
       0.171666    -256.794767
       0.173360    -256.568069
       0.173846    -256.428224
       0.173800    -256.400609
       0.171429    -256.468582
       0.170660    -256.579060
       0.171581    -256.675187
       0.171127    -256.729494
       0.169868    -256.753825
       0.169557    -256.788967
       0.169578    -256.886886
       0.167826    -257.086095
       0.167641    -257.382690
       0.169393    -257.722355
       0.169566    -258.026277
       0.171120    -258.227500
       0.171306    -258.294658
       0.171952    -258.240007
       0.171969    -258.113261
       0.171863    -257.980204
       0.176288    -257.892342
       0.174910    -257.866862
       0.176996    -257.890538
       0.177992    -257.935572
       0.177882    -257.968738
       0.179256    -257.954892
       0.176358    -257.865047
       0.178422    -257.689171
       0.178565    -257.446429
       0.179647    -257.185977
       0.177885    -256.972858
       0.177505    -256.860420
       0.174857    -256.865648
       0.173748    -256.967565
       0.172875    -257.128018
       0.176484    -257.314963
       0.176526    -257.512176
       0.174026    -257.713774
       0.173633    -257.912185
       0.174598    -258.091105
       0.176560    -258.229654
       0.176115    -258.313588
       0.175153    -258.343013
       0.175215    -258.330062
       0.173373    -258.290116
       0.171783    -258.234805
       0.171825    -258.169878
       0.174376    -258.095413
       0.172875    -258.006934
       0.171458    -257.898600
       0.168493    -257.769118
       0.167986    -257.628735
       0.172084    -257.503312
       0.173829    -257.430432
       0.173757    -257.445080
       0.171339    -257.559584
       0.170431    -257.750530
       0.169106    -257.964893
       0.167884    -258.143795
       0.167821    -258.249178
       0.168936    -258.279116
       0.163863    -258.264521
       0.164156    -258.246496
       0.162606    -258.245496
       0.161548    -258.247521
       0.161522    -258.223076
       0.165497    -258.160842
       0.166184    -258.083006
       0.168352    -258.029682
       0.169927    -258.028067
       0.169257    -258.073032
       0.168992    -258.133823
       0.170419    -258.178653
       0.171053    -258.197116
       0.172355    -258.206051
       0.173514    -258.237695
       0.172897    -258.320430
       0.171104    -258.465811
       0.172587    -258.667099
       0.172252    -258.902743
       0.172212    -259.138854
       0.170013    -259.334928
       0.170496    -259.458133
       0.173422    -259.501597
       0.172040    -259.494523
       0.171375    -259.491408
       0.168831    -259.538124
       0.166580    -259.638532
       0.167056    -259.755689
       0.165798    -259.844958
       0.167673    -259.882491
       0.170188    -259.868578
       0.167585    -259.814077
       0.168018    -259.726792
       0.167591    -259.609719
       0.168331    -259.470786
       0.168883    -259.329680
       0.169101    -259.209142
       0.169555    -259.119039
       0.168281    -259.052542
       0.166448    -258.997735
       0.166200    -258.951767
       0.167466    -258.926308
       0.167401    -258.939230
       0.167615    -258.996335
       0.165902    -259.078811
       0.167411    -259.149083
       0.168020    -259.168646
       0.167212    -259.112684
       0.167408    -258.974992
       0.168686    -258.766256
       0.167620    -258.510228
       0.167600    -258.240267
       0.170166    -257.997171
       0.168805    -257.827038
       0.169248    -257.774558
       0.169336    -257.867705
       0.172129    -258.099216
       0.170632    -258.420429
       0.169957    -258.757294
       0.172868    -259.039002
       0.171823    -259.220284
       0.175019    -259.287386
       0.176138    -259.251352
       0.175077    -259.139246
       0.172171    -258.990643
       0.172879    -258.855686
       0.172762    -258.783973
       0.171041    -258.802896
       0.173293    -258.901038
       0.171673    -259.032541
       0.172015    -259.139525
       0.171867    -259.176404
       0.170597    -259.122860
       0.170295    -258.982680
       0.171020    -258.775594
       0.172004    -258.531531
       0.172786    -258.288321
       0.175039    -258.085252
       0.172318    -257.951476
       0.171499    -257.901580
       0.168038    -257.942638
       0.167654    -258.077543
       0.167780    -258.295120
       0.167312    -258.558747
       0.168805    -258.808275
       0.168669    -258.976358
       0.170435    -259.010735
       0.171456    -258.894412
       0.174855    -258.658393
       0.175130    -258.379649
       0.176092    -258.154617
       0.173399    -258.052460
       0.173583    -258.079918
       0.174281    -258.186201
       0.174030    -258.297902
       0.175154    -258.357691
       0.176921    -258.351697
       0.176589    -258.316201
       0.176622    -258.317091
       0.175328    -258.408334
       0.176459    -258.593077
       0.173543    -258.814228
       0.173743    -258.982018
       0.173651    -259.019064
       0.173685    -258.895017
       0.175977    -258.636255
       0.177193    -258.311320
       0.177823    -258.000882
       0.178096    -257.765490
       0.174994    -257.624887
       0.175176    -257.558027
       0.175045    -257.522692
       0.175210    -257.481001
       0.175458    -257.414362
       0.175950    -257.320485
       0.174392    -257.198057
       0.174357    -257.036986
       0.174001    -256.830927
       0.173586    -256.602834
       0.173601    -256.409706
       0.175240    -256.307013
       0.175541    -256.304584
       0.175674    -256.368653
       0.176166    -256.467569
       0.178064    -256.604395
       0.177228    -256.804694
       0.177327    -257.078821
       0.175898    -257.397550
       0.175347    -257.701356
       0.179113    -257.931242
       0.178524    -258.057073
       0.178456    -258.090931
       0.176010    -258.083487
       0.175616    -258.102437
       0.172591    -258.197684
       0.170311    -258.372489
       0.170279    -258.582034
       0.172231    -258.758820
       0.174040    -258.844727
       0.171521    -258.814470
       0.171548    -258.687657
       0.171383    -258.527471
       0.169610    -258.418056
       0.169683    -258.419967
       0.170165    -258.530120
       0.171525    -258.684272
       0.174262    -258.803201
       0.177325    -258.843717
       0.177581    -258.820277
       0.176287    -258.787753
       0.177797    -258.798521
       0.177479    -258.867013
       0.176111    -258.969173
       0.173114    -259.067772
       0.172177    -259.133620
       0.169998    -259.149289
       0.170724    -259.105820
       0.171071    -259.005705
       0.170808    -258.868939
       0.170051    -258.728675
       0.169271    -258.615331
       0.168290    -258.544175
       0.169357    -258.515769
       0.171791    -258.522591
       0.172154    -258.553094
       0.172379    -258.591349
       0.171362    -258.614953
       0.170753    -258.596838
       0.172970    -258.514701
       0.174055    -258.363160
       0.174826    -258.158357
       0.176434    -257.929910
       0.177333    -257.706722
       0.177825    -257.510205
       0.178395    -257.360546
       0.180151    -257.283358
       0.178278    -257.299619
       0.180368    -257.404424
       0.179043    -257.561271
       0.179348    -257.721987
       0.178963    -257.852616
       0.178016    -257.945633
       0.176140    -258.016321
       0.175615    -258.089819
       0.175373    -258.186325
       0.175430    -258.312092
       0.174979    -258.460697
       0.174785    -258.620438
       0.172930    -258.778482
       0.168927    -258.918823
       0.170397    -259.020737
       0.169648    -259.062799
       0.168903    -259.029372
       0.170503    -258.914998
       0.168103    -258.725602
       0.166854    -258.477556
       0.165161    -258.196966
       0.166983    -257.921467
       0.172490    -257.702522
       0.171507    -257.600175
       0.172057    -257.662878
       0.172661    -257.898165
       0.172976    -258.256157
       0.172492    -258.643747
       0.171286    -258.961204
       0.170693    -259.137483
       0.169378    -259.150250
       0.167513    -259.030095
       0.167610    -258.850143
       0.170660    -258.698963
       0.170727    -258.640767
       0.169033    -258.684386
       0.168438    -258.785918
       0.168456    -258.881730
       0.166744    -258.923869
       0.166769    -258.898606
       0.166685    -258.827357
       0.170677    -258.754638
       0.166567    -258.726675
       0.167058    -258.768243
       0.172259    -258.870693
       0.172765    -258.999035
       0.171913    -259.111616
       0.174030    -259.178113
       0.173876    -259.186612
       0.175301    -259.140395
       0.178104    -259.050983
       0.175966    -258.933379
       0.176665    -258.804340
       0.176778    -258.680185
       0.174888    -258.571955
       0.172599    -258.481114
       0.175739    -258.401393
       0.174660    -258.327726
       0.172198    -258.265755
       0.174141    -258.232230
       0.174213    -258.242046
       0.172910    -258.291735
       0.170376    -258.357822
       0.168994    -258.414101
       0.168507    -258.450179
       0.170636    -258.473836
       0.169645    -258.496861
       0.169857    -258.518251
       0.167740    -258.520348
       0.169146    -258.482308
       0.169579    -258.401294
       0.168910    -258.305552
       0.170486    -258.246304
       0.170302    -258.267987
       0.169555    -258.376493
       0.174070    -258.532492
       0.173505    -258.675189
       0.174917    -258.755440
       0.171088    -258.756316
       0.164530    -258.694441
       0.164185    -258.605850
       0.168772    -258.524417
       0.168971    -258.464497
       0.166882    -258.418508
       0.170046    -258.369590
       0.170146    -258.307943
       0.172370    -258.238561
       0.172805    -258.176468
       0.172910    -258.135123
       0.176934    -258.118415
       0.176940    -258.122081
       0.179647    -258.139687
       0.178148    -258.164458
       0.180716    -258.186072
       0.175802    -258.189668
       0.173528    -258.161282
       0.174964    -258.095136
       0.174558    -257.995686
       0.171894    -257.872871
       0.168436    -257.734961
       0.168030    -257.584862
       0.167692    -257.423761
       0.167060    -257.262382
       0.164522    -257.133104
       0.162975    -257.087970
       0.161888    -257.172732
       0.162475    -257.393243
       0.164384    -257.707814
       0.163825    -258.052843
       0.164059    -258.373869
       0.165782    -258.640101
       0.164376    -258.843979
       0.164815    -258.994445
       0.163557    -259.107997
       0.163914    -259.198815
       0.164893    -259.270575
       0.167121    -259.314194
       0.166355    -259.313611
       0.169216    -259.255661
       0.168072    -259.135956
       0.168056    -258.957795
       0.172311    -258.731372
       0.172529    -258.480697
       0.172772    -258.251315
       0.171779    -258.101253
       0.172876    -258.070266
       0.172870    -258.151772
       0.169978    -258.298057
       0.171487    -258.453597
       0.171003    -258.582908
       0.178082    -258.674207
       0.177829    -258.727304
       0.178151    -258.742448
       0.177111    -258.718687
       0.177144    -258.659131
       0.180391    -258.575454
       0.178825    -258.486233
       0.177932    -258.409641
       0.179626    -258.355467
       0.180268    -258.321017
       0.181717    -258.291649
       0.180723    -258.245638
       0.178441    -258.164641
       0.178625    -258.048116
       0.175609    -257.922527
       0.174872    -257.833851
       0.172534    -257.822111
       0.171203    -257.894958
       0.171729    -258.022608
       0.174251    -258.156610
       0.173407    -258.254177
       0.175141    -258.291828
       0.175189    -258.265884
       0.174644    -258.185937
       0.175610    -258.068172
       0.174182    -257.931616
       0.174992    -257.796483
       0.173537    -257.682638
       0.176015    -257.607236
       0.172990    -257.581439
       0.173304    -257.606584
       0.173430    -257.671885
       0.175647    -257.757934
       0.175839    -257.847551
       0.173673    -257.937437
       0.173860    -258.041034
       0.175699    -258.179899
       0.175787    -258.369850
       0.177862    -258.610433
       0.178720    -258.882081
       0.175500    -259.150064
       0.176517    -259.372715
       0.175552    -259.512235
       0.176113    -259.545513
       0.175042    -259.470734
       0.174845    -259.306971
       0.173211    -259.088245
       0.173299    -258.856583
       0.173609    -258.656608
       0.175427    -258.529232
       0.173598    -258.501694
       0.170916    -258.577653
       0.170096    -258.734655
       0.168867    -258.930689
       0.170368    -259.115177
       0.171214    -259.240222
       0.171446    -259.271510
       0.173370    -259.198588
       0.173365    -259.041738
       0.175622    -258.850789
       0.176740    -258.691676
       0.178505    -258.621924
       0.178021    -258.666504
       0.180285    -258.809997
       0.178546    -259.009030
       0.179359    -259.211775
       0.179464    -259.370268
       0.178638    -259.444775
       0.179272    -259.407915
       0.179299    -259.252203
       0.176469    -258.997086
       0.175364    -258.688228
       0.174731    -258.384204
       0.177151    -258.134194
       0.176603    -257.960411
       0.179681    -257.858738
       0.182985    -257.815874
       0.178266    -257.826945
       0.177322    -257.898783
       0.177307    -258.037693
       0.178426    -258.234275
       0.177920    -258.459486
       0.173414    -258.674449
       0.173344    -258.845201
       0.173020    -258.952695
       0.175028    -258.993993
       0.176712    -258.975679
       0.177032    -258.903572
       0.177446    -258.775043
       0.177926    -258.579437
       0.174697    -258.306536
       0.173829    -257.958365
       0.171730    -257.560877
       0.174511    -257.171090
       0.171332    -256.867448
       0.171448    -256.715186
       0.170981    -256.726849
       0.170852    -256.855953
       0.170352    -257.031119
       0.171229    -257.198429
       0.171471    -257.341932
       0.171135    -257.477082
       0.172405    -257.629707
       0.172988    -257.818675
       0.173513    -258.051041
       0.175323    -258.323781
       0.175832    -258.624360
       0.176109    -258.930407
       0.176402    -259.212105
       0.173911    -259.437764
       0.173732    -259.580544
       0.171590    -259.624444
       0.170339    -259.568172
       0.170442    -259.424766
       0.169873    -259.215646
       0.168328    -258.962246
       0.171774    -258.681974
       0.171705    -258.391094
       0.170436    -258.109076
       0.170986    -257.859020
       0.171047    -257.666025
       0.173365    -257.556935
       0.173287    -257.557846
       0.173177    -257.683531
       0.173336    -257.923395
       0.173290    -258.237429
       0.174346    -258.568072
       0.176585    -258.859528
       0.176467    -259.072014
       0.176504    -259.185768
       0.176719    -259.198322
       0.179296    -259.121346
       0.179416    -258.979701
       0.176355    -258.809145
       0.176347    -258.646403
       0.175754    -258.511701
       0.174227    -258.395924
       0.175671    -258.266771
       0.179452    -258.093187
       0.179040    -257.871617
       0.179901    -257.636617
       0.181003    -257.446800
       0.182345    -257.349108
       0.181718    -257.342866
       0.183842    -257.375451
       0.182242    -257.377512
       0.181760    -257.308555
       0.183255    -257.180155
       0.183440    -257.047270
       0.180237    -256.977424
       0.183584    -257.017474
       0.183635    -257.175625
       0.180742    -257.422405
       0.177310    -257.704359
       0.177567    -257.963775
       0.176934    -258.157311
       0.175675    -258.266862
       0.174774    -258.300664
       0.174831    -258.286290
       0.175421    -258.257196
       0.178579    -258.236222
       0.179663    -258.225237
       0.177906    -258.209406
       0.175637    -258.171849
       0.176025    -258.106792
       0.174614    -258.025365
       0.174315    -257.952727
       0.174199    -257.916955
       0.170370    -257.939533
       0.172990    -258.036241
       0.173943    -258.217974
       0.173322    -258.480466
       0.166559    -258.793164
       0.166933    -259.100758
       0.165586    -259.338273
       0.162756    -259.453983
       0.162211    -259.431248
       0.161768    -259.297357
       0.158794    -259.110553
       0.159406    -258.930295
       0.159539    -258.794772
       0.157570    -258.725535
