       0.671741     280.212808
       0.655573     160.139778
       0.645371      64.216392
       0.634247      -7.912905
       0.624596     -62.041099
       0.181546    -257.544678
       0.181546    -257.544678
       0.184893    -255.860941
       0.186170    -255.860127
       0.186336    -255.865967
       0.186640    -255.865374
       0.186935    -255.869273
       0.185530    -255.860984
       0.185098    -255.864450
       0.185005    -255.861034
       0.185566    -255.866852
       0.187062    -255.860139
       0.186774    -255.865487
       0.194869    -255.430907
       0.195659    -255.368728
       0.196896    -255.216059
       0.197330    -255.330620
       0.200701    -255.425368
       0.198746    -255.518606
       0.195604    -255.609163
       0.196093    -255.703391
       0.195446    -255.806409
       0.196292    -255.962206
       0.195708    -256.140530
       0.195708    -256.142405
       0.195846    -256.142880
       0.195975    -256.143880
       0.196095    -256.146549
       0.195444    -256.144545
       0.195401    -256.147009
       0.195501    -256.147544
       0.195593    -256.143540
       0.195679    -256.143540
       0.195732    -256.141776
       0.195806    -256.139555
       0.195806    -255.589531
       0.193834    -256.354253
       0.195189    -256.549704
       0.195115    -256.664140
       0.195848    -256.800118
       0.195934    -257.008459
       0.194595    -257.240069
       0.194595    -257.248742
       0.194504    -257.247487
       0.193366    -257.244845
       0.193270    -257.242465
       0.192872    -257.245467
       0.192641    -257.247997
       0.192534    -257.243140
       0.191296    -257.241605
       0.191122    -257.240131
       0.187904    -257.240429
       0.187450    -257.246677
       0.187450    -256.806605
       0.188738    -257.474610
       0.188331    -257.507216
       0.185195    -257.514258
       0.185154    -257.511906
       0.183282    -257.575154
       0.182733    -257.676396
       0.182723    -257.840652
       0.182680    -257.946645
       0.182703    -258.002277
       0.183152    -258.137936
       0.184925    -258.453179
       0.181938    -260.735830
       0.181938    -260.735830
       0.191590    -259.204185
       0.192096    -259.204619
       0.192378    -259.203601
       0.192528    -259.205108
       0.193868    -259.201921
       0.194134    -259.198562
       0.195239    -259.202898
       0.195395    -259.202733
       0.195550    -259.204761
       0.195277    -259.200159
       0.195429    -259.199244
       0.190892    -257.743773
       0.189679    -257.730116
       0.188948    -257.688620
       0.191131    -257.607849
       0.191054    -257.518369
       0.194292    -257.421718
       0.192901    -257.427725
       0.193281    -257.476235
       0.194069    -257.557210
       0.189473    -257.750056
       0.189473    -257.744996
       0.189873    -257.746285
       0.190073    -257.744145
       0.190515    -257.747912
       0.191309    -257.742447
       0.194795    -257.744643
       0.194718    -257.751373
       0.194567    -257.743089
       0.196011    -257.750857
       0.196186    -257.745380
       0.197150    -257.746683
       0.197150    -256.824600
       0.189172    -257.218423
       0.185706    -257.355170
       0.185014    -257.266385
       0.185474    -257.626847
       0.186189    -257.688809
       0.185443    -257.711636
       0.185923    -257.741826
       0.186876    -257.768411
       0.186876    -257.775371
       0.186828    -257.775285
       0.187466    -257.768313
       0.186657    -257.775800
       0.186598    -257.771365
       0.186535    -257.772197
       0.186468    -257.774740
       0.186398    -257.768279
       0.186324    -257.768617
       0.188250    -257.767173
       0.188150    -257.768081
       0.188150    -257.334732
       0.184225    -257.980386
       0.186024    -258.108759
       0.186633    -258.234197
       0.184932    -258.384525
       0.184972    -258.507876
       0.184475    -258.614734
       0.184073    -258.719229
       0.182652    -258.792636
       0.182716    -258.796101
       0.182615    -258.788478
       0.182663    -258.790492
       0.181769    -258.789476
       0.181682    -258.791652
       0.182331    -258.796584
       0.182459    -258.791377
       0.182388    -258.796039
       0.182324    -258.795598
       0.182265    -258.794125
       0.182265    -258.468261
       0.181660    -258.930821
       0.175870    -258.802424
       0.176916    -258.910784
       0.176676    -258.936169
       0.177147    -258.952583
       0.177227    -258.972883
       0.176981    -258.958360
       0.177248    -259.044715
       0.177248    -259.042942
       0.177104    -259.042439
       0.176966    -259.050724
       0.178055    -259.042528
       0.178727    -259.047857
       0.178907    -259.049104
       0.179921    -259.042713
       0.179284    -259.046757
       0.179196    -259.046350
       0.179116    -259.048825
       0.179043    -259.045767
       0.179043    -258.446265
       0.178074    -258.524716
       0.178688    -258.517377
       0.179831    -258.506049
       0.178932    -258.493943
       0.178959    -258.518506
       0.176125    -258.697595
       0.176073    -258.695502
       0.176033    -258.698815
       0.176018    -258.693621
       0.176000    -258.701842
       0.175845    -258.693546
       0.175848    -258.699480
       0.175861    -258.702749
       0.177290    -258.703014
       0.178135    -258.694681
       0.178194    -258.700321
       0.178194    -257.816734
       0.178495    -258.356448
       0.179395    -258.293853
       0.175443    -258.493384
       0.177728    -258.560517
       0.177395    -258.580921
       0.177525    -258.619165
       0.179957    -258.683806
       0.177377    -258.719504
       0.177467    -258.721458
       0.176895    -258.723595
       0.177179    -258.715191
       0.177266    -258.722102
       0.178344    -258.715138
       0.178433    -258.723290
       0.178523    -258.716420
       0.180843    -258.721411
       0.180882    -258.719226
       0.180874    -258.717365
       0.180874    -257.845924
       0.179424    -257.837718
       0.178453    -257.641709
       0.184764    -257.363429
       0.184227    -257.348748
       0.183423    -257.406647
       0.184614    -257.502452
       0.178467    -257.677583
       0.174547    -258.031819
       0.174547    -258.029173
       0.175292    -258.026705
       0.175426    -258.026156
       0.174475    -258.032173
       0.174394    -258.029856
       0.174589    -258.035403
       0.174559    -258.027328
       0.174491    -258.029734
       0.178640    -258.026559
       0.178555    -258.031087
       0.178475    -258.028329
       0.178475    -257.202902
       0.177131    -257.444613
       0.172400    -257.675068
       0.171319    -257.908516
       0.172450    -258.042116
       0.171995    -258.141974
       0.170513    -259.455029
       0.170513    -259.455029
       0.173441    -261.179579
       0.173441    -261.179579
       0.169628    -259.710644
       0.169700    -259.713723
       0.169472    -259.714282
       0.169897    -259.716895
       0.170113    -259.711484
       0.170147    -259.709756
       0.171024    -259.717826
       0.171315    -259.717994
       0.171371    -259.708397
       0.171627    -259.716946
       0.172358    -259.713048
       0.177267    -258.148234
       0.178873    -257.929808
       0.178866    -257.573360
       0.178683    -257.496081
       0.178006    -257.495152
       0.175010    -257.585876
       0.174653    -257.718678
       0.174067    -257.884190
       0.175075    -258.111887
       0.171054    -258.365825
       0.168941    -258.639587
       0.168881    -258.639589
       0.168848    -258.641942
       0.169243    -258.633328
       0.169660    -258.636073
       0.169635    -258.639551
       0.171187    -258.641051
       0.171167    -258.636239
       0.171149    -258.638954
       0.171252    -258.634348
       0.171705    -258.638269
       0.171705    -257.240117
       0.172879    -257.702059
       0.171975    -257.858933
       0.173542    -257.775502
       0.176736    -257.785514
       0.178799    -257.871706
       0.177267    -258.018364
       0.176184    -258.156088
       0.175063    -258.526408
       0.174146    -258.608217
       0.173845    -258.612353
       0.173688    -258.610632
       0.175801    -258.614915
       0.175889    -258.609928
       0.175986    -258.607779
       0.176093    -258.610174
       0.176055    -258.612367
       0.175811    -258.613367
       0.175571    -258.614668
       0.175437    -258.608445
       0.175437    -257.816370
       0.175147    -257.955933
       0.175531    -257.882207
       0.173969    -257.620752
       0.176199    -257.568209
       0.175209    -257.560474
       0.174816    -257.587770
       0.174849    -257.618528
       0.173717    -257.690826
       0.173948    -257.755440
       0.172508    -257.940499
       0.173822    -258.061268
       0.173765    -258.058811
       0.173971    -258.064703
       0.173320    -258.057647
       0.173265    -258.059361
       0.173166    -258.058493
       0.172239    -258.057125
       0.172250    -258.056908
       0.171857    -258.064384
       0.173047    -258.061355
       0.173006    -258.066503
       0.173006    -257.337256
       0.172861    -257.764008
       0.172201    -257.792886
       0.175226    -257.805392
       0.175046    -257.837399
       0.174745    -257.888092
       0.175413    -258.491163
       0.175413    -258.493012
       0.175362    -258.491522
       0.175316    -258.492437
       0.175225    -258.497440
       0.175193    -258.496949
       0.175168    -258.491907
       0.175151    -258.495281
       0.175142    -258.496981
       0.175143    -258.492418
       0.174550    -258.492674
       0.173895    -258.496905
       0.173895    -257.458809
       0.174736    -258.003883
       0.176142    -257.856452
       0.177791    -257.705882
       0.177378    -257.737342
       0.177082    -257.851144
       0.175604    -258.025712
       0.173536    -258.023304
       0.172975    -258.024999
       0.174679    -258.019655
       0.174524    -258.021150
       0.174546    -258.022296
       0.176759    -258.021450
       0.177539    -258.018928
       0.178668    -258.018742
       0.178734    -258.026484
       0.178810    -258.020985
       0.178810    -256.631241
       0.179101    -256.846569
       0.179493    -256.519456
       0.179404    -256.538177
       0.173785    -257.222244
       0.174652    -257.228003
       0.174673    -257.223766
       0.174698    -257.225855
       0.173988    -257.219962
       0.174024    -257.224953
       0.174434    -257.226191
       0.175191    -257.221737
       0.175239    -257.224761
       0.175243    -257.223332
       0.175354    -257.219435
       0.175354    -255.910692
       0.176387    -256.045625
       0.181778    -256.051068
       0.175770    -256.272149
       0.175748    -257.160386
       0.175607    -257.165292
       0.177447    -257.169136
       0.177389    -257.163751
       0.177336    -257.168920
       0.176442    -257.168804
       0.176393    -257.164744
       0.176114    -257.169014
       0.169162    -257.168290
       0.168292    -257.159715
       0.168270    -257.165776
       0.168270    -256.848248
       0.167057    -257.341357
       0.166307    -257.670475
       0.166957    -257.944555
       0.167841    -258.284173
       0.165664    -258.504153
       0.156397    -261.735406
       0.156397    -261.735406
       0.162807    -260.225497
       0.162990    -260.227659
       0.161328    -260.226889
       0.161523    -260.228670
       0.164940    -260.228706
       0.165479    -260.224396
       0.165266    -260.222157
       0.166216    -260.223250
       0.167138    -260.225359
       0.167064    -260.230591
       0.168066    -260.222263
       0.169060    -258.957499
       0.166820    -258.946511
       0.166840    -258.938575
       0.167959    -258.958301
       0.168662    -259.041001
       0.168678    -259.161907
       0.167316    -259.345052
       0.172170    -259.504042
       0.169566    -260.224772
       0.169072    -260.315719
       0.169063    -260.321543
       0.169496    -260.322636
       0.169646    -260.319709
       0.170620    -260.323217
       0.172105    -260.321765
       0.171279    -260.315890
       0.171044    -260.317462
       0.171125    -260.323120
       0.171292    -260.324642
       0.171463    -260.317513
       0.171463    -259.744908
       0.171211    -259.909533
       0.170835    -259.949636
       0.170809    -259.906613
       0.170539    -259.886834
       0.171378    -259.892154
       0.168687    -259.915671
       0.169464    -259.950296
       0.169095    -260.003690
       0.171373    -260.091353
       0.167989    -260.153724
       0.166600    -260.213943
       0.166600    -260.219047
       0.165735    -260.215271
       0.165556    -260.211879
       0.165789    -260.213424
       0.166019    -260.218201
       0.168147    -260.219109
       0.168131    -260.216269
       0.168630    -260.215572
       0.168920    -260.215225
       0.169073    -260.219128
       0.169064    -260.215933
       0.169064    -259.732513
       0.166377    -259.939617
       0.165040    -259.887970
       0.164770    -259.908152
       0.167329    -259.952993
       0.168722    -260.061831
       0.167110    -260.214473
       0.166820    -260.374138
       0.164101    -260.544191
       0.162337    -260.776783
       0.163642    -261.006587
       0.160584    -261.288138
       0.160920    -261.292197
       0.160085    -261.288215
       0.159984    -261.294104
       0.159921    -261.294702
       0.159845    -261.293210
       0.159542    -261.295850
       0.159459    -261.291453
       0.159421    -261.294196
       0.159658    -261.287523
       0.159295    -261.290223
       0.159295    -260.992267
       0.158393    -262.279033
       0.158424    -262.412014
       0.155517    -262.523412
       0.155164    -262.624168
       0.154165    -262.758064
       0.147310    -263.389948
       0.147310    -263.389948
       0.146501    -261.846751
       0.146603    -261.845340
       0.145298    -261.844575
       0.145457    -261.853422
       0.145549    -261.847609
       0.145920    -261.853465
       0.145773    -261.852195
       0.145970    -261.847388
       0.145276    -261.853824
       0.145497    -261.849883
       0.145733    -261.851237
       0.150642    -259.349071
       0.154548    -259.137258
       0.156398    -259.035754
       0.155381    -258.960522
       0.152914    -258.983175
       0.152718    -259.063203
       0.151816    -259.197110
       0.149819    -259.423992
       0.151901    -259.691766
       0.147935    -259.943008
       0.150696    -260.406140
       0.150696    -260.394625
       0.151323    -260.397290
       0.151428    -260.398915
       0.151664    -260.396373
       0.152090    -260.396357
       0.152991    -260.401754
       0.153122    -260.400916
       0.153342    -260.399588
       0.155412    -260.397632
       0.156842    -260.397436
       0.157297    -260.399371
       0.157297    -258.494667
       0.157898    -259.034925
       0.158651    -258.940423
       0.156268    -258.866271
       0.156158    -258.867168
       0.158740    -259.034784
       0.158064    -259.321548
       0.159192    -259.627910
       0.156143    -260.062371
       0.157701    -261.248514
       0.157980    -261.241388
       0.156658    -261.240924
       0.156581    -261.240993
       0.158051    -261.246044
       0.158352    -261.250162
       0.158655    -261.245586
       0.158858    -261.240472
       0.159165    -261.245383
       0.158180    -261.246156
       0.158487    -261.247810
       0.158487    -260.239692
       0.157990    -260.531021
       0.159637    -260.445918
       0.159516    -260.237974
       0.160617    -260.225025
       0.161881    -260.235399
       0.163121    -260.246670
       0.162011    -260.307275
       0.157786    -260.723220
       0.157797    -260.721294
       0.156973    -260.727428
       0.158515    -260.718482
       0.158745    -260.718057
       0.159295    -260.719764
       0.158622    -260.726201
       0.158960    -260.726434
       0.159273    -260.727742
       0.159509    -260.719092
       0.160328    -260.720388
       0.160328    -259.828881
       0.159567    -259.921702
       0.159603    -259.855443
       0.163037    -259.698762
       0.163661    -259.490863
       0.167717    -259.547034
       0.165486    -259.802877
       0.162994    -260.078338
       0.163037    -260.073980
       0.163120    -260.077473
       0.163205    -260.070214
       0.165199    -260.071581
       0.165284    -260.074490
       0.165271    -260.069823
       0.165294    -260.077919
       0.166232    -260.070122
       0.167149    -260.070285
       0.167247    -260.074337
       0.167247    -259.088154
       0.162193    -259.471052
       0.163121    -259.447316
       0.162939    -259.914614
       0.163162    -259.917869
       0.162556    -259.917082
       0.165466    -259.917003
       0.165571    -259.915525
       0.165692    -259.915369
       0.165830    -259.916421
       0.166502    -259.913424
       0.166780    -259.914359
       0.166789    -259.911741
       0.167176    -259.911654
       0.167176    -259.052716
       0.158700    -260.127434
       0.158977    -260.256972
       0.158212    -260.444445
       0.156550    -260.800340
       0.157372    -261.182282
       0.157372    -261.184591
       0.157456    -261.185080
       0.158122    -261.190867
       0.155893    -261.188677
       0.155973    -261.184849
       0.155728    -261.188067
       0.156676    -261.186875
       0.156889    -261.189018
       0.158291    -261.187630
       0.159588    -261.191145
       0.159909    -261.185228
       0.159909    -260.787263
       0.160645    -261.825030
       0.160893    -261.940186
       0.160650    -262.157494
       0.160786    -262.233195
       0.160786    -262.234924
       0.163383    -262.234524
       0.163702    -262.233856
       0.164349    -262.234154
       0.164274    -262.231025
       0.164165    -262.231014
       0.164857    -262.229989
       0.163003    -262.231588
       0.162897    -262.237798
       0.162944    -262.230254
       0.163911    -262.233802
       0.163911    -261.336836
       0.160154    -262.251176
       0.160937    -262.671450
       0.154469    -263.080276
       0.154031    -263.139147
       0.154193    -263.204932
       0.153419    -264.506483
       0.153419    -264.506483
       0.155097    -262.414302
       0.155051    -262.416015
       0.155264    -262.408510
       0.157964    -262.409249
       0.157949    -262.416448
       0.158881    -262.411209
       0.158886    -262.417565
       0.158902    -262.412385
       0.158583    -262.409410
       0.158611    -262.411357
       0.158512    -262.414268
       0.160140    -261.011749
       0.160567    -260.857233
       0.160716    -260.801228
       0.159845    -260.737594
       0.159786    -260.723521
       0.157926    -260.788486
       0.157511    -260.783633
       0.157543    -260.786388
       0.157573    -260.788050
       0.157512    -260.787821
       0.157536    -260.787921
       0.157557    -260.780534
       0.157576    -260.785298
       0.157591    -260.779931
       0.157615    -260.782171
       0.158446    -260.779996
       0.158446    -259.737437
       0.155507    -260.022900
       0.159765    -260.019494
       0.161661    -259.923975
       0.164624    -259.923707
       0.167495    -259.955973
       0.168067    -260.032242
       0.164153    -260.160805
       0.168792    -260.230203
       0.165128    -260.473382
       0.165697    -260.467023
       0.166068    -260.466883
       0.166283    -260.471155
       0.169963    -260.465966
       0.170904    -260.466079
       0.171159    -260.469704
       0.171427    -260.473891
       0.172770    -260.473801
       0.173007    -260.467265
       0.173328    -260.472290
       0.173328    -259.274034
       0.166556    -259.922458
       0.168142    -259.776372
       0.168834    -259.597615
       0.167087    -259.259389
       0.167333    -259.414926
       0.166220    -259.527470
       0.167269    -259.636287
       0.165429    -259.793419
       0.167986    -260.001177
       0.167017    -260.092138
       0.168086    -260.101517
       0.168209    -260.096993
       0.167319    -260.100045
       0.167498    -260.100318
       0.167643    -260.097923
       0.169249    -260.094238
       0.169460    -260.097919
       0.170008    -260.098578
       0.170478    -260.100727
       0.169966    -260.101939
       0.169966    -259.063897
       0.169546    -259.404939
       0.166053    -259.370568
       0.165781    -259.236972
       0.163957    -259.160752
       0.162806    -259.168814
       0.161813    -259.240888
       0.162773    -259.352737
       0.161070    -259.663547
       0.161407    -259.867344
       0.161522    -259.864304
       0.161688    -259.864330
       0.161819    -259.859097
       0.161957    -259.867874
       0.162005    -259.859594
       0.162154    -259.867421
       0.162258    -259.861679
       0.162479    -259.866234
       0.162252    -259.864229
       0.162068    -259.859411
       0.162068    -258.909199
       0.159721    -259.222366
       0.158628    -259.263708
       0.161802    -259.219771
       0.160962    -259.182185
       0.164392    -259.219417
       0.163127    -259.565875
       0.163433    -259.920203
       0.160816    -260.251395
       0.159412    -260.561854
       0.159891    -260.556983
       0.159848    -260.560595
       0.161004    -260.562445
       0.161109    -260.563804
       0.161177    -260.556639
       0.161304    -260.565378
       0.162568    -260.561054
       0.161026    -260.561418
       0.161195    -260.564144
       0.161378    -260.559643
       0.161378    -259.827445
       0.161722    -260.134335
       0.164376    -260.137807
       0.164792    -260.071553
       0.161099    -260.025389
       0.159840    -260.024589
       0.160094    -260.267874
       0.157731    -260.754867
       0.162552    -261.161894
       0.155311    -261.367684
       0.155311    -261.366584
       0.155558    -261.374572
       0.155816    -261.375280
       0.155520    -261.369059
       0.155794    -261.371659
       0.158313    -261.368526
       0.158486    -261.370160
       0.158164    -261.367479
       0.158365    -261.369423
       0.158723    -261.366727
       0.158130    -261.374847
       0.158130    -260.656292
       0.158358    -261.289758
       0.157865    -261.410958
       0.159517    -261.497503
       0.159223    -261.533768
       0.158386    -261.580479
       0.157335    -261.734316
       0.155575    -261.927978
       0.157158    -262.327555
       0.158266    -262.321186
       0.158524    -262.318246
       0.158728    -262.321787
       0.158939    -262.321293
       0.157602    -262.323422
       0.157697    -262.321165
       0.158286    -262.323244
       0.158589    -262.324415
       0.159907    -262.322700
       0.160581    -262.327331
       0.160581    -261.407078
       0.157707    -262.096592
       0.154639    -262.368361
       0.154608    -262.488888
       0.151601    -262.633794
       0.151344    -262.728236
       0.153941    -262.883758
       0.153941    -262.883758
       0.147467    -262.587202
       0.147467    -262.587202
       0.156546    -262.418139
       0.156788    -262.414980
       0.158177    -262.421121
       0.158407    -262.414315
       0.158644    -262.417835
       0.158889    -262.415182
       0.158960    -262.414678
       0.159214    -262.417251
       0.159344    -262.420493
       0.159608    -262.420250
       0.159792    -262.419285
       0.160482    -260.744397
       0.161271    -260.740827
       0.162034    -260.701724
       0.162723    -260.721703
       0.163480    -260.756726
       0.165381    -260.825445
       0.165443    -260.848599
       0.166537    -260.850598
       0.166807    -260.848909
       0.166989    -260.846527
       0.167171    -260.849681
       0.167305    -260.852398
       0.167461    -260.850915
       0.167912    -260.850517
       0.168098    -260.847398
       0.168572    -260.847800
       0.169921    -260.850741
       0.169921    -259.458730
       0.168258    -259.819892
       0.167812    -259.767655
       0.168877    -259.498023
       0.170185    -259.454279
       0.172321    -259.443780
       0.172116    -259.465657
       0.170819    -259.509140
       0.173403    -259.560843
       0.172742    -259.687672
       0.169664    -259.866078
       0.169261    -259.867627
       0.169435    -259.865023
       0.169620    -259.870403
       0.169816    -259.865440
       0.170025    -259.869579
       0.170245    -259.871533
       0.172029    -259.868270
       0.172270    -259.868829
       0.172507    -259.869957
       0.172897    -259.863861
       0.172897    -258.358156
       0.171210    -258.981794
       0.168433    -258.841006
       0.168345    -258.138102
       0.170034    -258.426286
       0.166208    -258.590091
       0.170721    -258.760070
       0.170671    -258.928019
       0.170659    -258.926080
       0.170650    -258.927197
       0.171896    -258.931591
       0.171940    -258.929695
       0.172050    -258.935067
       0.172921    -258.929412
       0.172976    -258.927017
       0.172981    -258.930613
       0.172798    -258.928636
       0.172810    -258.934355
       0.172810    -257.378292
       0.172218    -257.786439
       0.174669    -257.590518
       0.171667    -257.414591
       0.171537    -257.306003
       0.171600    -257.085039
       0.171934    -257.266197
       0.171187    -257.405423
       0.171361    -257.407147
       0.170286    -257.401835
       0.170340    -257.408138
       0.167154    -257.399906
       0.166341    -257.399887
       0.166465    -257.404858
       0.169044    -257.406849
       0.169176    -257.408392
       0.169306    -257.399903
       0.169445    -257.402807
       0.169445    -256.267347
       0.170131    -256.548483
       0.172007    -256.435795
       0.172750    -256.217959
       0.173554    -256.168650
       0.171146    -256.271043
       0.170443    -256.959098
       0.167410    -257.743797
       0.164760    -257.977671
       0.165169    -257.978692
       0.165001    -257.982135
       0.166284    -257.987075
       0.166397    -257.985492
       0.166977    -257.984838
       0.169602    -257.985555
       0.168969    -257.982326
       0.169771    -257.983177
       0.171896    -257.982001
       0.172047    -257.978595
       0.172047    -257.033834
       0.166097    -257.573375
       0.164518    -257.704829
       0.164897    -257.987158
       0.163627    -258.146549
       0.166747    -258.304779
       0.166891    -258.482369
       0.164426    -258.963900
       0.163326    -259.206395
       0.163157    -259.206336
       0.163072    -259.204772
       0.162716    -259.203569
       0.162969    -259.210554
       0.163198    -259.207839
       0.162705    -259.208493
       0.162949    -259.211729
       0.163014    -259.209282
       0.163380    -259.208905
       0.164278    -259.209782
       0.164278    -258.317108
       0.161735    -259.008433
       0.166167    -259.019647
       0.163738    -259.012838
       0.162435    -259.192852
       0.161205    -259.332520
       0.157095    -260.139949
       0.160615    -260.475720
       0.160615    -260.475138
       0.159375    -260.474832
       0.159545    -260.481183
       0.160526    -260.477754
       0.160118    -260.476789
       0.160394    -260.472753
       0.160676    -260.478732
       0.161003    -260.479789
       0.161314    -260.481481
       0.161879    -260.478901
       0.163592    -260.479721
       0.163592    -259.055978
       0.161143    -260.656168
       0.159198    -261.167357
       0.156966    -261.337028
       0.158692    -261.503110
       0.158338    -261.582006
       0.153148    -262.437353
       0.153148    -262.437353
       0.154441    -264.466361
       0.154441    -264.466361
       0.154888    -262.666904
       0.155063    -262.666751
       0.154915    -262.669767
       0.155053    -262.666025
       0.155254    -262.669908
       0.153826    -262.672911
       0.154052    -262.665809
       0.154091    -262.667018
       0.152951    -262.668348
       0.153142    -262.671911
       0.153334    -262.671418
       0.158143    -260.196096
       0.160031    -260.271378
       0.163657    -260.071397
       0.164926    -260.259758
       0.165003    -260.595570
       0.162239    -260.753165
       0.162675    -260.894603
       0.164227    -261.037105
       0.165063    -261.208332
       0.165063    -261.192458
       0.165674    -261.191515
       0.165714    -261.197995
       0.165757    -261.194802
       0.165800    -261.193399
       0.167013    -261.193633
       0.167244    -261.194433
       0.167300    -261.195052
       0.167036    -261.198888
       0.166862    -261.193216
       0.166928    -261.193877
       0.166928    -258.593924
       0.166762    -259.251958
       0.164234    -259.294328
       0.167169    -259.058798
       0.172752    -258.490942
       0.171927    -258.638508
       0.170289    -258.738483
       0.170449    -258.789763
       0.172677    -258.990562
       0.170502    -259.057772
       0.170502    -259.055986
       0.170391    -259.052659
       0.168768    -259.060204
       0.167630    -259.056140
       0.167506    -259.061263
       0.167343    -259.051783
       0.167208    -259.052257
       0.166817    -259.056801
       0.166673    -259.059610
       0.166524    -259.060818
       0.167013    -259.051812
       0.167013    -258.497077
       0.166789    -259.384543
       0.166994    -259.492565
       0.164520    -259.600931
       0.164566    -259.842661
       0.164566    -259.858018
       0.164572    -259.852385
       0.164479    -259.850909
       0.164492    -259.853414
       0.164511    -259.852632
       0.164536    -259.856145
       0.159666    -259.850430
       0.159692    -259.855142
       0.159719    -259.852716
       0.156131    -259.848823
       0.154003    -259.852430
       0.154003    -260.694758
       0.153838    -260.917521
       0.153872    -260.924568
       0.153914    -260.922309
       0.153964    -260.919734
       0.153418    -260.924148
       0.153478    -260.922417
       0.153618    -260.920639
       0.152901    -260.918672
       0.152991    -260.918073
       0.153091    -260.921628
       0.152356    -260.923242
       0.152356    -260.754637
       0.150986    -261.549810
       0.153211    -261.546320
       0.155809    -261.559706
       0.155283    -261.582583
       0.155794    -261.664672
       0.154600    -261.789172
       0.155659    -261.894082
       0.156035    -262.011920
       0.153767    -262.016871
       0.153914    -262.011628
       0.154198    -262.009774
       0.154375    -262.016753
       0.154575    -262.017594
       0.153891    -262.012726
       0.153512    -262.017758
       0.152842    -262.015725
       0.153111    -262.010460
       0.153977    -262.019253
       0.153977    -260.842463
       0.152524    -261.362359
       0.154049    -261.343390
       0.156075    -261.260059
       0.156837    -261.176061
       0.160150    -261.054241
       0.160879    -261.044502
       0.161964    -261.092371
       0.161196    -261.182791
       0.162757    -261.257048
       0.159334    -261.326279
       0.160766    -261.322287
       0.165077    -261.327178
       0.166144    -261.324359
       0.166371    -261.329065
       0.166353    -261.328413
       0.166410    -261.323440
       0.166633    -261.325226
       0.168070    -261.321706
       0.168294    -261.321244
       0.167868    -261.330002
       0.167868    -260.290705
       0.163697    -260.886841
       0.164820    -260.827965
       0.169415    -260.832773
       0.168457    -260.877966
       0.168733    -260.955008
       0.167963    -261.020325
       0.160440    -261.114679
       0.163272    -261.213661
       0.161380    -261.325949
       0.161380    -261.326396
       0.160089    -261.327379
       0.157812    -261.328237
       0.157612    -261.324395
       0.157759    -261.326147
       0.158425    -261.324995
       0.158596    -261.324262
       0.158806    -261.331830
       0.158983    -261.333023
       0.160526    -261.328836
       0.160938    -261.325543
       0.160938    -260.634789
       0.159344    -261.279043
       0.161226    -261.435122
       0.161296    -261.521242
       0.161838    -261.670121
       0.162009    -261.849424
       0.157718    -262.639293
       0.157718    -262.639293
       0.150620    -265.069321
       0.150620    -265.069321
       0.154703    -262.128040
       0.155380    -262.119868
       0.155448    -262.128290
       0.155624    -262.121483
       0.155800    -262.122362
       0.156058    -262.121027
       0.156775    -262.127000
       0.157716    -262.120060
       0.159222    -262.120829
       0.159216    -262.120810
       0.159407    -262.121389
       0.158204    -260.300815
       0.160341    -260.470943
       0.160651    -260.444718
       0.161346    -260.360278
       0.163465    -260.258798
       0.163716    -260.297648
       0.163445    -260.418680
       0.163989    -260.500078
       0.163282    -260.639507
       0.163282    -260.625645
       0.163178    -260.627785
       0.163202    -260.627265
       0.164251    -260.628564
       0.164425    -260.626729
       0.164615    -260.631500
       0.164541    -260.632395
       0.164762    -260.627755
       0.167452    -260.633536
       0.167717    -260.634398
       0.167901    -260.635281
       0.167901    -258.221684
       0.166334    -259.550546
       0.166672    -259.810294
       0.168560    -259.641220
       0.168715    -259.538914
       0.168294    -259.455458
       0.168756    -259.395757
       0.168905    -259.340029
       0.169316    -259.525522
       0.168877    -259.640026
       0.169015    -259.640120
       0.170709    -259.636981
       0.170859    -259.635944
       0.171013    -259.638560
       0.171743    -259.633977
       0.172943    -259.641978
       0.174210    -259.638847
       0.174715    -259.638909
       0.175182    -259.635921
       0.175056    -259.640385
       0.175056    -257.995045
       0.172985    -258.789977
       0.174999    -258.921113
       0.165531    -258.837819
       0.166621    -258.796551
       0.170348    -258.748373
       0.172219    -258.750849
       0.165462    -258.963538
       0.167112    -259.304672
       0.167112    -259.302852
       0.167227    -259.304748
       0.167446    -259.306716
       0.167664    -259.302452
       0.168995    -259.306026
       0.169214    -259.307394
       0.170175    -259.305936
       0.168490    -259.301268
       0.168702    -259.299529
       0.169894    -259.304086
       0.170104    -259.298696
       0.170104    -258.225504
       0.172007    -259.325212
       0.170159    -259.497698
       0.168301    -259.524072
       0.169703    -259.570053
       0.172261    -259.662744
       0.172999    -259.793294
       0.170329    -259.908713
       0.169112    -260.064278
       0.166149    -260.247057
       0.166149    -260.251789
       0.166247    -260.248743
       0.166355    -260.250753
       0.166768    -260.246585
       0.166897    -260.249846
       0.167037    -260.252127
       0.166647    -260.251755
       0.167583    -260.250618
       0.166519    -260.245052
       0.166694    -260.250578
       0.166900    -260.251950
       0.166900    -259.281823
       0.167115    -259.883732
       0.166676    -260.105270
       0.165439    -260.099976
       0.164865    -260.035403
       0.165252    -259.953438
       0.161738    -259.945346
       0.162003    -259.993634
       0.160533    -260.080177
       0.161390    -260.197850
       0.162355    -260.493064
       0.160976    -260.868313
       0.161219    -260.875586
       0.161309    -260.867777
       0.161221    -260.872681
       0.161852    -260.873839
       0.162028    -260.867216
       0.162210    -260.866873
       0.162397    -260.871175
       0.163166    -260.867701
       0.164223    -260.869638
       0.164432    -260.868026
       0.164432    -260.426702
       0.164010    -260.899517
       0.168460    -260.932218
       0.169118    -260.951705
       0.167483    -261.006855
       0.167980    -261.043795
       0.166874    -261.074176
       0.167652    -261.068217
       0.168271    -261.069360
       0.167332    -261.067521
       0.167836    -261.072203
       0.168186    -261.072050
       0.168523    -261.069610
       0.168917    -261.067337
       0.168671    -261.070298
       0.169012    -261.069299
       0.169353    -261.072426
       0.169353    -260.296501
       0.168001    -260.707776
       0.166958    -260.783024
       0.167976    -260.700650
       0.168242    -260.652048
       0.168822    -260.615975
       0.167853    -260.582589
       0.168024    -260.576808
       0.166710    -260.633625
       0.166710    -260.638550
       0.166769    -260.636813
       0.166215    -260.630850
       0.166065    -260.634132
       0.167134    -260.630998
       0.168507    -260.640352
       0.168627    -260.639006
       0.168851    -260.635975
       0.170524    -260.635500
       0.171102    -260.634438
       0.170527    -260.639846
       0.170527    -260.128960
       0.170101    -260.400949
       0.168007    -260.598032
       0.165842    -260.740801
       0.166771    -260.854873
       0.167168    -261.003627
       0.161686    -262.056612
       0.161686    -262.056612
       0.153248    -265.012848
       0.153248    -265.012848
       0.157411    -262.818978
       0.157488    -262.825314
       0.155778    -262.822871
       0.155896    -262.825455
       0.155877    -262.816967
       0.155865    -262.822274
       0.155859    -262.821704
       0.156459    -262.825465
       0.156467    -262.821891
       0.157024    -262.817495
       0.157057    -262.817093
       0.153730    -263.796281
       0.154620    -263.732321
       0.154907    -263.636317
       0.156506    -263.571634
       0.154849    -263.586928
       0.154849    -263.589187
       0.154908    -263.588350
       0.155503    -263.586397
       0.155515    -263.581969
       0.155523    -263.589469
       0.155624    -263.591204
       0.155733    -263.581552
       0.155849    -263.586625
       0.156309    -263.582793
       0.156381    -263.582370
       0.156513    -263.585044
       0.156513    -262.672467
       0.155691    -263.295256
       0.153075    -263.274747
       0.152495    -263.185598
       0.152141    -263.104447
       0.153576    -263.052360
       0.153851    -263.002239
       0.157712    -263.020493
       0.156740    -263.032014
       0.157025    -263.054253
       0.156843    -263.092838
       0.158481    -263.098061
       0.158576    -263.097992
       0.158756    -263.094897
       0.158761    -263.094795
       0.158953    -263.094820
       0.158322    -263.094584
       0.158503    -263.089746
       0.159280    -263.098459
       0.159471    -263.096788
       0.159819    -263.099325
       0.159819    -262.377901
       0.157614    -262.653770
       0.158173    -262.644647
       0.158109    -262.606344
       0.159036    -262.528223
       0.160305    -262.465421
       0.160060    -262.426695
       0.161388    -262.398653
       0.160916    -262.396087
       0.161653    -262.399943
       0.161852    -262.397424
       0.162050    -262.398734
       0.162247    -262.405910
       0.162443    -262.396141
       0.163705    -262.399402
       0.165129    -262.405097
       0.165313    -262.405206
       0.165500    -262.402991
       0.165466    -262.402200
       0.165466    -261.176093
       0.163026    -261.295015
       0.161770    -261.201980
       0.162220    -260.971923
       0.160709    -260.795847
       0.159497    -260.683499
       0.160486    -260.608350
       0.161874    -260.601686
       0.161227    -260.761974
       0.159177    -260.947962
       0.159177    -260.948438
       0.161343    -260.949848
       0.161284    -260.949971
       0.161293    -260.949657
       0.161298    -260.943611
       0.161099    -260.943753
       0.160287    -260.949750
       0.160255    -260.944375
       0.160248    -260.943942
       0.160303    -260.941732
       0.160248    -260.942492
       0.160248    -259.653649
       0.160002    -259.811153
       0.162940    -259.645526
       0.163438    -259.504598
       0.163810    -259.402712
       0.163555    -259.293502
       0.162672    -259.288156
       0.159219    -259.358086
       0.159046    -260.000665
       0.157231    -259.995657
       0.156782    -259.999880
       0.157653    -259.999859
       0.157620    -259.995296
       0.157800    -259.993109
       0.158387    -259.995264
       0.158613    -259.998196
       0.158861    -260.001557
       0.159876    -259.995174
       0.160702    -259.999436
       0.160702    -258.766357
       0.159194    -259.027686
       0.159121    -258.924583
       0.162385    -258.691121
       0.163131    -258.531071
       0.164725    -258.876616
       0.164956    -258.876043
       0.165337    -258.876544
       0.164466    -258.879132
       0.164740    -258.873574
       0.165182    -258.874417
       0.164354    -258.876035
       0.164646    -258.873295
       0.164943    -258.879500
       0.165245    -258.882268
       0.165552    -258.875668
       0.165552    -256.872943
       0.168000    -257.172786
       0.167894    -257.067865
       0.168738    -256.807551
       0.169999    -256.610456
       0.168134    -256.598747
       0.167391    -256.807193
       0.166307    -257.248138
       0.166682    -257.397991
       0.168830    -257.396994
       0.169010    -257.397536
       0.169757    -257.392882
       0.170060    -257.394362
       0.170254    -257.396542
       0.170451    -257.393287
       0.172209    -257.401311
       0.172615    -257.401344
       0.172763    -257.393782
       0.174241    -257.398246
       0.174241    -255.988487
       0.171873    -256.772419
       0.170316    -257.349560
       0.167112    -257.858488
       0.165774    -258.264427
       0.166696    -258.790134
       0.156959    -261.947447
       0.156959    -261.947447
       0.154001    -261.955396
       0.154001    -261.955396
       0.152873    -263.107552
       0.153032    -263.106567
       0.153009    -263.110107
       0.154201    -263.107966
       0.154222    -263.102854
       0.154382    -263.107484
       0.154436    -263.109334
       0.154598    -263.109018
       0.154527    -263.107544
       0.153548    -263.112061
       0.153808    -263.108735
       0.152183    -260.938367
       0.153188    -260.556061
       0.152090    -260.257251
       0.152460    -259.968802
       0.152770    -259.916911
       0.152157    -260.089397
       0.156366    -260.458073
       0.157408    -261.053035
       0.154449    -261.653545
       0.155125    -262.028529
       0.155125    -262.026666
       0.155696    -262.026460
       0.155890    -262.020596
       0.155253    -262.019605
       0.155347    -262.017245
       0.155451    -262.020575
       0.156189    -262.018878
       0.156406    -262.017583
       0.155649    -262.019502
       0.155931    -262.025711
       0.157211    -262.018556
       0.157211    -260.167506
       0.158410    -261.415479
       0.158704    -261.599905
       0.159452    -261.620109
       0.158529    -261.223646
       0.158376    -261.382499
       0.157971    -261.511327
       0.155919    -261.671646
       0.153115    -261.800732
       0.152741    -261.935974
       0.152605    -261.934688
       0.152616    -261.936994
       0.153546    -261.939196
       0.154394    -261.933101
       0.154411    -261.941579
       0.155575    -261.932475
       0.155597    -261.942061
       0.155824    -261.941136
       0.157045    -261.936437
       0.157076    -261.939701
       0.157076    -260.365753
       0.156122    -261.221900
       0.157526    -261.365132
       0.156057    -261.357317
       0.157407    -261.211353
       0.156949    -261.116026
       0.155323    -261.162082
       0.153425    -261.293102
       0.151125    -261.387727
       0.151125    -261.389548
       0.151165    -261.386823
       0.152377    -261.391504
       0.153998    -261.391131
       0.155886    -261.383214
       0.157700    -261.386991
       0.157635    -261.384099
       0.156671    -261.390922
       0.156763    -261.386765
       0.159233    -261.388293
       0.156819    -261.387662
       0.156819    -260.407135
       0.156233    -260.995136
       0.158899    -260.946254
       0.160508    -260.915236
       0.160059    -260.901440
       0.161941    -260.938072
       0.166307    -261.176008
       0.161160    -261.710335
       0.160749    -262.027196
       0.160954    -262.025784
       0.161774    -262.029532
       0.163347    -262.029378
       0.163957    -262.026018
       0.163941    -262.025909
       0.164128    -262.026019
       0.165571    -262.026645
       0.165890    -262.029522
       0.166015    -262.024342
       0.165884    -262.028881
       0.165884    -260.784446
       0.167112    -261.155890
       0.166034    -261.087675
       0.166744    -260.949558
       0.163952    -260.785152
       0.170848    -260.752062
       0.165621    -261.109776
       0.165735    -261.109474
       0.166006    -261.117498
       0.166278    -261.108910
       0.166883    -261.115055
       0.166986    -261.115849
       0.167257    -261.115997
       0.166884    -261.113897
       0.166898    -261.117061
       0.167161    -261.117844
       0.166628    -261.111872
       0.166628    -259.594370
       0.166660    -259.900447
       0.166659    -259.763281
       0.169674    -259.575279
       0.172019    -259.467830
       0.172358    -259.427224
       0.171321    -259.573612
       0.168206    -259.781681
       0.167900    -259.780615
       0.168450    -259.783782
       0.168357    -259.787114
       0.168066    -259.786807
       0.168078    -259.785010
       0.168097    -259.785178
       0.169094    -259.785307
       0.169128    -259.784391
       0.168030    -259.786523
       0.168078    -259.785068
       0.168078    -259.046409
       0.164482    -259.612378
       0.167681    -259.643366
       0.172469    -259.667146
       0.170315    -259.805330
       0.169667    -260.048165
       0.169749    -260.046674
       0.169854    -260.046822
       0.169950    -260.045095
       0.170254    -260.047927
       0.170145    -260.044801
       0.170038    -260.039366
       0.170156    -260.040161
       0.170408    -260.047213
       0.170538    -260.042814
       0.170326    -260.048338
       0.170326    -258.852557
       0.170277    -259.364750
       0.169913    -259.688571
       0.169402    -259.880925
       0.170610    -260.163810
       0.171857    -260.373408
       0.154041    -263.869712
       0.154041    -263.869712
       0.150500    -264.064837
       0.150500    -264.064837
       0.153693    -263.005102
       0.153248    -263.000853
       0.154156    -263.002633
       0.153983    -263.003985
       0.154188    -263.008851
       0.155169    -263.001457
       0.155935    -263.008017
       0.157404    -263.005619
       0.158427    -263.000434
       0.162650    -263.003043
       0.166639    -263.005325
       0.181141    -256.350537
       0.180978    -256.273926
       0.180861    -256.460743
       0.173705    -256.762284
       0.176315    -257.087653
       0.174209    -257.307413
       0.177483    -257.447153
       0.175461    -257.477449
       0.170570    -257.446444
       0.172473    -257.405957
       0.174589    -257.405652
       0.174297    -257.401895
       0.174010    -257.409087
       0.174501    -257.402098
       0.175158    -257.405173
       0.175046    -257.409591
       0.175554    -257.404577
       0.181296    -257.409226
       0.185105    -257.407661
       0.185451    -257.409500
       0.185451    -253.662356
       0.188506    -254.142198
       0.184300    -254.160375
       0.184665    -254.029902
       0.184978    -253.967982
       0.187791    -253.934218
       0.188760    -253.932378
       0.187800    -253.961549
       0.187437    -254.001093
       0.189082    -254.060764
       0.186372    -254.166078
       0.185151    -254.319233
       0.184568    -254.477927
       0.184568    -254.466712
       0.185092    -254.468253
       0.185216    -254.463051
       0.186569    -254.460251
       0.188288    -254.462850
       0.187390    -254.465681
       0.187866    -254.461902
       0.188216    -254.468065
       0.188074    -254.463330
       0.188588    -254.465231
       0.189844    -254.464882
       0.189844    -252.035732
       0.182910    -253.730167
       0.182448    -254.421822
       0.181704    -254.875595
       0.181798    -254.889755
       0.182924    -254.801857
       0.181448    -254.501381
       0.181203    -254.393042
       0.179801    -254.469961
       0.179801    -254.469224
       0.179940    -254.471531
       0.179890    -254.467584
       0.179449    -254.473489
       0.179441    -254.465011
       0.179374    -254.471919
       0.178249    -254.469100
       0.178222    -254.471685
       0.178200    -254.465462
       0.180011    -254.472905
       0.180386    -254.471601
       0.180386    -253.583294
       0.175746    -255.125941
       0.174204    -255.312914
       0.173579    -255.246995
       0.174932    -255.191874
       0.176361    -255.076393
       0.174230    -255.020731
       0.177860    -255.093951
       0.177463    -255.161902
       0.177512    -255.159049
       0.177541    -255.162265
       0.179301    -255.164600
       0.179383    -255.167230
       0.179467    -255.158939
       0.179506    -255.161950
       0.179510    -255.164314
       0.179445    -255.161305
       0.179323    -255.162657
       0.179528    -255.163930
       0.179528    -253.214996
       0.177457    -254.179743
       0.177994    -254.441643
       0.181285    -254.445893
       0.181035    -254.204530
       0.180616    -253.971546
       0.179715    -253.812544
       0.176525    -253.631160
       0.171471    -253.637965
       0.169327    -253.991691
       0.168948    -253.988659
       0.169251    -253.984815
       0.171390    -253.989070
       0.172283    -253.986556
       0.173213    -253.991036
       0.172176    -253.987818
       0.171312    -253.987664
       0.171237    -253.989031
       0.173480    -253.990623
       0.173369    -253.991695
       0.173369    -252.143325
       0.170374    -253.110533
       0.170155    -253.277839
       0.170672    -253.252269
       0.172386    -252.999267
       0.172508    -252.810488
       0.173276    -252.648947
       0.171989    -252.619557
       0.174257    -253.081415
       0.174257    -253.077917
       0.176517    -253.075117
       0.178025    -253.070048
       0.178890    -253.069024
       0.178974    -253.075705
       0.180041    -253.078105
       0.181922    -253.076734
       0.182210    -253.069288
       0.182084    -253.073280
       0.182141    -253.073232
       0.182819    -253.077554
       0.182819    -251.305116
       0.182088    -252.079261
       0.178324    -252.192353
       0.179128    -252.155437
       0.180736    -251.934032
       0.182090    -251.815837
       0.180960    -251.956377
       0.180854    -252.241052
       0.180467    -252.447146
       0.177600    -252.600362
       0.177792    -252.596324
       0.178402    -252.597137
       0.178924    -252.597844
       0.179142    -252.595515
       0.179330    -252.597189
       0.181589    -252.603164
       0.181928    -252.602410
       0.182115    -252.601210
       0.182251    -252.595834
       0.182334    -252.596960
       0.182334    -251.940644
       0.179221    -252.829444
       0.179328    -253.185368
       0.173971    -253.651076
       0.172272    -254.097420
       0.171616    -254.510963
       0.149506    -264.124654
       0.149506    -264.124654
       0.148773    -263.947070
       0.148773    -263.947070
       0.155093    -263.241801
       0.155428    -263.251489
       0.154678    -263.247377
       0.155098    -263.244051
       0.155321    -263.249113
       0.155679    -263.246669
       0.156041    -263.243884
       0.157649    -263.241893
       0.157839    -263.245431
       0.158219    -263.243850
       0.158522    -263.249850
       0.166069    -261.318154
       0.168096    -261.329824
       0.168442    -261.236276
       0.165456    -261.213667
       0.167978    -261.228818
       0.168778    -261.289046
       0.168456    -261.379769
       0.166314    -261.534642
       0.166391    -261.700775
       0.163561    -262.142238
       0.162403    -262.332762
       0.162591    -262.328693
       0.162786    -262.330308
       0.162980    -262.327971
       0.164425    -262.325804
       0.166292    -262.329109
       0.166479    -262.327744
       0.166538    -262.333673
       0.167174    -262.333212
       0.168797    -262.328783
       0.169118    -262.333698
       0.169118    -261.066898
       0.164173    -261.862574
       0.166390    -261.952261
       0.159897    -261.921126
       0.158586    -261.978266
       0.157229    -262.164573
       0.158856    -262.241012
       0.157574    -262.304017
       0.157511    -262.309149
       0.157447    -262.307172
       0.157382    -262.308693
       0.157318    -262.302006
       0.157105    -262.302693
       0.156953    -262.304994
       0.158395    -262.302561
       0.159492    -262.307208
       0.159436    -262.310384
       0.160320    -262.309051
       0.160320    -261.114622
       0.161068    -261.214638
       0.160108    -261.089762
       0.161575    -260.682711
       0.160003    -260.806216
       0.159199    -260.977474
       0.153926    -261.101463
       0.151764    -261.396128
       0.151747    -261.485024
       0.151576    -261.482612
       0.151540    -261.483370
       0.151422    -261.482171
       0.151443    -261.479820
       0.151443    -261.484333
       0.151520    -261.485016
       0.152565    -261.480421
       0.152620    -261.481238
       0.152687    -261.488151
       0.152737    -261.488259
       0.152737    -260.817939
       0.156425    -261.588900
       0.150498    -261.700860
       0.152715    -261.988372
       0.155139    -262.191232
       0.152729    -262.530887
       0.152729    -262.528767
       0.152811    -262.530560
       0.153337    -262.527370
       0.153627    -262.533924
       0.153433    -262.532449
       0.155748    -262.529316
       0.155269    -262.533308
       0.155458    -262.527937
       0.155933    -262.530574
       0.156238    -262.535468
       0.157120    -262.536791
       0.157120    -261.468719
       0.157337    -261.682704
       0.159234    -261.443355
       0.162963    -261.324084
       0.159123    -261.202372
       0.158672    -261.221554
       0.157364    -261.514742
       0.158045    -261.514452
       0.158390    -261.508049
       0.158826    -261.507611
       0.158900    -261.513193
       0.158470    -261.509273
       0.158556    -261.511210
       0.158631    -261.510042
       0.158740    -261.507675
       0.160383    -261.514354
       0.160178    -261.511675
       0.160178    -260.470296
       0.156606    -260.754783
       0.155086    -260.728412
       0.154987    -260.677782
       0.158079    -260.577061
       0.156680    -260.810589
       0.156907    -260.939243
       0.159780    -261.132242
       0.159780    -261.135934
       0.160065    -261.129767
       0.160364    -261.135018
       0.159241    -261.135853
       0.159563    -261.132961
       0.158688    -261.136656
       0.159558    -261.128910
       0.159931    -261.133452
       0.160106    -261.131627
       0.161063    -261.128062
       0.160765    -261.127696
       0.160765    -259.940987
       0.164838    -260.559334
       0.164797    -260.499394
       0.168675    -260.415952
       0.165593    -260.385013
       0.168779    -260.364877
       0.165600    -260.483920
       0.160986    -260.684161
       0.159351    -260.772691
       0.155943    -260.857056
       0.155434    -260.988592
       0.155511    -261.116195
       0.155511    -261.118012
       0.156730    -261.122592
       0.157040    -261.119942
       0.157644    -261.119516
       0.157837    -261.119197
       0.157032    -261.114452
       0.157203    -261.120163
       0.157693    -261.122225
       0.158009    -261.119028
       0.158780    -261.114510
       0.159885    -261.114449
       0.159885    -260.340407
       0.161274    -261.041005
       0.161513    -261.227510
       0.159810    -261.403317
       0.160008    -261.613208
       0.160097    -261.773719
       0.154184    -262.444149
       0.158455    -262.511847
       0.158455    -262.511847
       0.154285    -263.356971
       0.154452    -263.357939
       0.154858    -263.361715
       0.155125    -263.359294
       0.154089    -263.360679
       0.155352    -263.360489
       0.155668    -263.358273
       0.155980    -263.361877
       0.157685    -263.359946
       0.158046    -263.366788
       0.158299    -263.357907
       0.167508    -261.358164
       0.166864    -261.181517
       0.167351    -261.142159
       0.168714    -261.192507
       0.171499    -261.358934
       0.169572    -261.455431
       0.170186    -261.588197
       0.171063    -261.689956
       0.167428    -261.787359
       0.166769    -261.864409
       0.167019    -261.857626
       0.167405    -261.861674
       0.167573    -261.857214
       0.168074    -261.863447
       0.168243    -261.860687
       0.167688    -261.857513
       0.166752    -261.858459
       0.166920    -261.857001
       0.165898    -261.862014
       0.167048    -261.860650
       0.167048    -259.784554
       0.171658    -260.423579
       0.171415    -260.412108
       0.170549    -260.207214
       0.171927    -259.920188
       0.172873    -259.854289
       0.174359    -259.809527
       0.173943    -259.790117
       0.173046    -259.809058
       0.168235    -259.944555
       0.165334    -260.071891
       0.165321    -260.069404
       0.165306    -260.070059
       0.165142    -260.071456
       0.165123    -260.070106
       0.166161    -260.070913
       0.166220    -260.071469
       0.166236    -260.070981
       0.166149    -260.068264
       0.166117    -260.069316
       0.166083    -260.073601
       0.166083    -258.747778
       0.166707    -259.126645
       0.167548    -259.207836
       0.167309    -259.135134
       0.166897    -259.095056
       0.167537    -259.140199
       0.168495    -259.325746
       0.167309    -259.542300
       0.169152    -259.737101
       0.169108    -259.868927
       0.165440    -260.352047
       0.165491    -260.350914
       0.164093    -260.356008
       0.164147    -260.358789
       0.164203    -260.357379
       0.164262    -260.358321
       0.164540    -260.357806
       0.164247    -260.357642
       0.164310    -260.352690
       0.164270    -260.351805
       0.164339    -260.349812
       0.164339    -259.607528
       0.165118    -259.868717
       0.167080    -259.849228
       0.165651    -259.633786
       0.166348    -259.586289
       0.166503    -259.573483
       0.168471    -259.596483
       0.168713    -259.635751
       0.168157    -259.669609
       0.167630    -259.727101
       0.166018    -259.809775
       0.166226    -259.905789
       0.164421    -260.224064
       0.164647    -260.218748
       0.165143    -260.225238
       0.165384    -260.218506
       0.165437    -260.226448
       0.166360    -260.222856
       0.166478    -260.219734
       0.164785    -260.220252
       0.163889    -260.223304
       0.163477    -260.217540
       0.163350    -260.225655
       0.163350    -259.521380
       0.164707    -260.077418
       0.164379    -260.122138
       0.169670    -260.080180
       0.168788    -260.083214
       0.166313    -260.153303
       0.164759    -260.321649
       0.164759    -260.320187
       0.164919    -260.325832
       0.165034    -260.321519
       0.165150    -260.324812
       0.164918    -260.323758
       0.164308    -260.322817
       0.164513    -260.323773
       0.165681    -260.317726
       0.165801    -260.324593
       0.167238    -260.326307
       0.167346    -260.321462
       0.167346    -259.532237
       0.165605    -260.242383
       0.165712    -260.313266
       0.166747    -260.439874
       0.168010    -260.634689
       0.168447    -260.953226
       0.170272    -261.265685
       0.170239    -261.453217
       0.170239    -261.453730
       0.170274    -261.460993
       0.168238    -261.451934
       0.168114    -261.461169
       0.168137    -261.460836
       0.168157    -261.452393
       0.168197    -261.456186
       0.169727    -261.456168
       0.171842    -261.452413
       0.171830    -261.454731
       0.171866    -261.456522
       0.171866    -260.679211
       0.170455    -261.187611
       0.172329    -261.171912
       0.170017    -261.087640
       0.169492    -261.068294
       0.170627    -261.074430
       0.169899    -261.165557
       0.167524    -261.321037
       0.165966    -261.631718
       0.165685    -261.626310
       0.166901    -261.628878
       0.166613    -261.624546
       0.166324    -261.627412
       0.166006    -261.624974
       0.165561    -261.627951
       0.166528    -261.625313
       0.166369    -261.632889
       0.165837    -261.628720
       0.165557    -261.628322
       0.165557    -260.937456
       0.165381    -261.410668
       0.165365    -261.551608
       0.165550    -261.635441
       0.165806    -261.728387
       0.164675    -261.822815
       0.152556    -264.347277
       0.152556    -264.347277
       0.150507    -265.038300
       0.150507    -265.038300
       0.150158    -263.224338
       0.149443    -263.223734
       0.149694    -263.231226
       0.149983    -263.230482
       0.150225    -263.223940
       0.150312    -263.232111
       0.149769    -263.229936
       0.149988    -263.226167
       0.150738    -263.225439
       0.151027    -263.223157
       0.150566    -263.228447
       0.160997    -259.301738
       0.161821    -258.599735
       0.161668    -258.405831
       0.162933    -258.234505
       0.162751    -258.157154
       0.165600    -258.132280
       0.169134    -258.174052
       0.170796    -258.257982
       0.165476    -258.477261
       0.162668    -258.903856
       0.162668    -258.897312
       0.162833    -258.889797
       0.164021    -258.898600
       0.163999    -258.897411
       0.164856    -258.895949
       0.164779    -258.892356
       0.164973    -258.896552
       0.165229    -258.899038
       0.165211    -258.897044
       0.165547    -258.898779
       0.165478    -258.894530
       0.165478    -257.073023
       0.164900    -258.191528
       0.164871    -258.582259
       0.165796    -258.770011
       0.171133    -258.859380
       0.170909    -259.069284
       0.174189    -259.380371
       0.169208    -259.691226
       0.168014    -259.925258
       0.168014    -259.931642
       0.167438    -259.931187
       0.167525    -259.927972
       0.166814    -259.929413
       0.168035    -259.929438
       0.167319    -259.927162
       0.167023    -259.929311
       0.167060    -259.924409
       0.166708    -259.922103
       0.167640    -259.927994
       0.167792    -259.929364
       0.167792    -259.210087
       0.166903    -259.827329
       0.165728    -260.212719
       0.162043    -260.163537
       0.161725    -260.363833
       0.162827    -260.521086
       0.162634    -260.800866
       0.160277    -261.060904
       0.160277    -261.060347
       0.160081    -261.064944
       0.159759    -261.066918
       0.159787    -261.065312
       0.159426    -261.068670
       0.160990    -261.064812
       0.161604    -261.070115
       0.161863    -261.063987
       0.161632    -261.060515
       0.161689    -261.063214
       0.161607    -261.067550
       0.161607    -260.352465
       0.162078    -260.966182
       0.160501    -261.077466
       0.162218    -260.876443
       0.162383    -260.971109
       0.162709    -261.158610
       0.169322    -261.257199
       0.171013    -261.316857
       0.167825    -261.394062
       0.169194    -261.466268
       0.164442    -261.541670
       0.164442    -261.548015
       0.164552    -261.540854
       0.164667    -261.544069
       0.164787    -261.545734
       0.166312    -261.544363
       0.164661    -261.540461
       0.164790    -261.544215
       0.166899    -261.539562
       0.167821    -261.548607
       0.167967    -261.541699
       0.168291    -261.540033
       0.168291    -260.725879
       0.166276    -261.022259
       0.166867    -260.987257
       0.169377    -261.001454
       0.173010    -260.753713
       0.166104    -261.633589
       0.167031    -261.636146
       0.164895    -261.635566
       0.165080    -261.628574
       0.165270    -261.629080
       0.165491    -261.637208
       0.165689    -261.629482
       0.167452    -261.633313
       0.167575    -261.633749
       0.167339    -261.630665
       0.167495    -261.632819
       0.167495    -260.482108
       0.165073    -260.953637
       0.161765    -260.614106
       0.158061    -261.197192
       0.153509    -262.003303
       0.154851    -262.181932
       0.153027    -262.174875
       0.152915    -262.176975
       0.153189    -262.178250
       0.153166    -262.173685
       0.152990    -262.179461
       0.152987    -262.178923
       0.152992    -262.179205
       0.153006    -262.174656
       0.151912    -262.175120
       0.151949    -262.182038
       0.151949    -260.921300
       0.156516    -261.329072
       0.159240    -262.153491
       0.159240    -262.153115
       0.159343    -262.155670
       0.159435    -262.152747
       0.159557    -262.158181
       0.159688    -262.151668
       0.156624    -262.150343
       0.156765    -262.157903
       0.156846    -262.158410
       0.155082    -262.151260
       0.156071    -262.156285
       0.156607    -262.151559
       0.156607    -261.159086
       0.154731    -261.987818
       0.154201    -262.405749
       0.154943    -262.786467
       0.153248    -262.970831
       0.153436    -263.216753
       0.143535    -264.014552
       0.143535    -264.014552
       0.150468    -265.057045
       0.150468    -265.057045
       0.160820    -263.356713
       0.163282    -263.351651
       0.164006    -263.359661
       0.163713    -263.352097
       0.163832    -263.358294
       0.163952    -263.352669
       0.163994    -263.356653
       0.163699    -263.355734
       0.163815    -263.358543
       0.163930    -263.357449
       0.164039    -263.360077
       0.160788    -261.486673
       0.160960    -261.281118
       0.160753    -261.193500
       0.160965    -261.081078
       0.160653    -261.137106
       0.160955    -261.211005
       0.161515    -261.299886
       0.162699    -261.393177
       0.162158    -261.490384
       0.159104    -261.625851
       0.158596    -261.747366
       0.159382    -261.746716
       0.159024    -261.747551
       0.159130    -261.747929
       0.159236    -261.747136
       0.159343    -261.747388
       0.159451    -261.748127
       0.160083    -261.748193
       0.160206    -261.743709
       0.160319    -261.749371
       0.160318    -261.748708
       0.160318    -260.396660
       0.160249    -260.358413
       0.160869    -260.180814
       0.161543    -259.938821
       0.162905    -259.667445
       0.159797    -259.764176
       0.162816    -259.908341
       0.165530    -260.018769
       0.166038    -260.193106
       0.164957    -260.289498
       0.163409    -260.792121
       0.163627    -260.784074
       0.163805    -260.785827
       0.164034    -260.784189
       0.164267    -260.789283
       0.164498    -260.790995
       0.167465    -260.788047
       0.168084    -260.784354
       0.168523    -260.783914
       0.168787    -260.785517
       0.169055    -260.788830
       0.169055    -259.968047
       0.167946    -260.296986
       0.165395    -260.367516
       0.166110    -260.173948
       0.169784    -260.594227
       0.169062    -260.627289
       0.169290    -260.627735
       0.170474    -260.631089
       0.170698    -260.630772
       0.170918    -260.630134
       0.171133    -260.629237
       0.171431    -260.632137
       0.171639    -260.623198
       0.171800    -260.623694
       0.171649    -260.625229
       0.171852    -260.622314
       0.171852    -259.550652
       0.170909    -259.507039
       0.167511    -259.298259
       0.170119    -259.475154
       0.169344    -259.655996
       0.169131    -259.816066
       0.166750    -260.235978
       0.166956    -260.242516
       0.166747    -260.235178
       0.166065    -260.237554
       0.166268    -260.237341
       0.166471    -260.240361
       0.166788    -260.238078
       0.166992    -260.237537
       0.167743    -260.237422
       0.168385    -260.237725
       0.168585    -260.240356
       0.168585    -259.313176
       0.167858    -259.300560
       0.167472    -259.105594
       0.166371    -258.816476
       0.167569    -258.774584
       0.167711    -258.812546
       0.170607    -258.909475
       0.169409    -258.968202
       0.169523    -259.353052
       0.169618    -259.349055
       0.169715    -259.357673
       0.169815    -259.352952
       0.167572    -259.355313
       0.167817    -259.357180
       0.167928    -259.351063
       0.166211    -259.354052
       0.166356    -259.353217
       0.166452    -259.355619
       0.166613    -259.354824
       0.166613    -258.470026
       0.167417    -258.437629
       0.166532    -258.309198
       0.168105    -258.340262
       0.168146    -258.392255
       0.165064    -258.546594
       0.165522    -258.664272
       0.165522    -258.664302
       0.165531    -258.661130
       0.165627    -258.660779
       0.168218    -258.659853
       0.168590    -258.664240
       0.168687    -258.661407
       0.169751    -258.659430
       0.169873    -258.662853
       0.169967    -258.658794
       0.170003    -258.661548
       0.169672    -258.665673
       0.169672    -257.841561
       0.167859    -258.490845
       0.165745    -258.428414
       0.163155    -258.756698
       0.161527    -258.985794
       0.161776    -259.124394
       0.161811    -259.125601
       0.161808    -259.130073
       0.162840    -259.131511
       0.162862    -259.129258
       0.163055    -259.125900
       0.163282    -259.127652
       0.163257    -259.128786
       0.163366    -259.129543
       0.163358    -259.126325
       0.163343    -259.122302
       0.163343    -258.327452
       0.163549    -258.557139
       0.164083    -258.763290
       0.164216    -258.987642
       0.163422    -259.192174
       0.163726    -259.309681
       0.159440    -261.773755
       0.159440    -261.773755
       0.160308    -261.827158
       0.160308    -261.827158
       0.156087    -263.829986
       0.156165    -263.828416
       0.156325    -263.836255
       0.157088    -263.835286
       0.157264    -263.834343
       0.157446    -263.833021
       0.157634    -263.836068
       0.157828    -263.836651
       0.159445    -263.831671
       0.159759    -263.834020
       0.159816    -263.835647
       0.157952    -262.955065
       0.159545    -262.860685
       0.157283    -262.573472
       0.158958    -262.543482
       0.158017    -262.541524
       0.156473    -262.541106
       0.157935    -262.570440
       0.157981    -262.573722
       0.157937    -262.569301
       0.156894    -262.574076
       0.158543    -262.571315
       0.160069    -262.576125
       0.158931    -262.570948
       0.159176    -262.572753
       0.159189    -262.573843
       0.159614    -262.573294
       0.159748    -262.574008
       0.159748    -261.341447
       0.157576    -261.620321
       0.156606    -261.623815
       0.156507    -261.545899
       0.156585    -261.520321
       0.154977    -261.498153
       0.155050    -261.481026
       0.155682    -261.476768
       0.155682    -261.476532
       0.155686    -261.471775
       0.155696    -261.477684
       0.155762    -261.470715
       0.155387    -261.471478
       0.156817    -261.475033
       0.156872    -261.476093
       0.157112    -261.474741
       0.157514    -261.477512
       0.158124    -261.474091
       0.158259    -261.476536
       0.158259    -260.397210
       0.160735    -260.351413
       0.160584    -260.137303
       0.161561    -259.873541
       0.164701    -259.790802
       0.164944    -259.832445
       0.161451    -259.948439
       0.159014    -260.172986
       0.154124    -260.560675
       0.154124    -260.564193
       0.154076    -260.555380
       0.154018    -260.557613
       0.157330    -260.560775
       0.157797    -260.559552
       0.157773    -260.564372
       0.157755    -260.556392
       0.157107    -260.559563
       0.157054    -260.563706
       0.157175    -260.555224
       0.157185    -260.563916
       0.157185    -259.625900
       0.159339    -260.033540
       0.161508    -260.188588
       0.158876    -260.637845
       0.157745    -260.798709
       0.155147    -261.106490
       0.153487    -261.311252
       0.155856    -261.315113
       0.155878    -261.307418
       0.157072    -261.306648
       0.156889    -261.316161
       0.156967    -261.306725
       0.156674    -261.315706
       0.158441    -261.316378
       0.158531    -261.313498
       0.158758    -261.311639
       0.158895    -261.310849
       0.158895    -260.865841
       0.158509    -261.899882
       0.158579    -262.192482
       0.157221    -262.354083
       0.157221    -262.356996
       0.159426    -262.353745
       0.160027    -262.358618
       0.157377    -262.359175
       0.156402    -262.359543
       0.157816    -262.355421
       0.158240    -262.353428
       0.158274    -262.356513
       0.158313    -262.357983
       0.158323    -262.353974
       0.158377    -262.359686
       0.158377    -261.847669
       0.155782    -262.416000
       0.155063    -262.598425
       0.155076    -262.716526
       0.155128    -262.817633
       0.153464    -263.100373
       0.155355    -263.302048
       0.155307    -263.363492
       0.155484    -263.366921
       0.156185    -263.364494
       0.156490    -263.362135
       0.157234    -263.370405
       0.157468    -263.367027
       0.159718    -263.365657
       0.160099    -263.367292
       0.160461    -263.367577
       0.160990    -263.369738
       0.161224    -263.371340
       0.161224    -262.059955
       0.158390    -262.069966
       0.158426    -261.860977
       0.159297    -262.021490
       0.159528    -262.012565
       0.159762    -262.021128
       0.159999    -262.013965
       0.160976    -262.018197
       0.161488    -262.015939
       0.161735    -262.021305
       0.165670    -262.018415
       0.165527    -262.020643
       0.165525    -262.017911
       0.165765    -262.015065
       0.165765    -260.267350
       0.161830    -261.218119
       0.159527    -261.892846
       0.159323    -262.302993
       0.158254    -262.672370
       0.158093    -263.024316
       0.150965    -264.521016
       0.150965    -264.521016
       0.151395    -265.044863
       0.151395    -265.044863
       0.151400    -263.117302
       0.150891    -263.120488
       0.151573    -263.120685
       0.151703    -263.118644
       0.151622    -263.118790
       0.151671    -263.121870
       0.151788    -263.116010
       0.154533    -263.120249
       0.154630    -263.117416
       0.154804    -263.116693
       0.154983    -263.121542
       0.154940    -262.459517
       0.155506    -262.245322
       0.158369    -262.076123
       0.159275    -262.016573
       0.160202    -262.046862
       0.160933    -262.239276
       0.159601    -262.398427
       0.159762    -262.401012
       0.161299    -262.402361
       0.161508    -262.393854
       0.161891    -262.402634
       0.162074    -262.396755
       0.161793    -262.396327
       0.161795    -262.398531
       0.160793    -262.402321
       0.161890    -262.395191
       0.162631    -262.396010
       0.162631    -259.599107
       0.163139    -260.152723
       0.166675    -260.006811
       0.166866    -259.599578
       0.167776    -259.096780
       0.166912    -258.914839
       0.166361    -258.861384
       0.167276    -258.860595
       0.169796    -258.900733
       0.166963    -259.062141
       0.166436    -259.406393
       0.166667    -259.407025
       0.166757    -259.414033
       0.167225    -259.413866
       0.168146    -259.405844
       0.168325    -259.409647
       0.169594    -259.410457
       0.167959    -259.405795
       0.168113    -259.408958
       0.169192    -259.413521
       0.169671    -259.406960
       0.169671    -257.459412
       0.174229    -257.544147
       0.176167    -257.225400
       0.176711    -257.181394
       0.176044    -257.187672
       0.177226    -257.253159
       0.177949    -257.325120
       0.175983    -257.579208
       0.174234    -257.887056
       0.174234    -257.890090
       0.174454    -257.881968
       0.175508    -257.886308
       0.175744    -257.886207
       0.175983    -257.886679
       0.176455    -257.880919
       0.176759    -257.884910
       0.177890    -257.890056
       0.177584    -257.881693
       0.177849    -257.885499
       0.178068    -257.883725
       0.178068    -256.914498
       0.175798    -257.810909
       0.175706    -257.956812
       0.173979    -258.037781
       0.174717    -258.194870
       0.172357    -258.229466
       0.172964    -258.944330
       0.174202    -258.948890
       0.174311    -258.950437
       0.174882    -258.946239
       0.175104    -258.952219
       0.173898    -258.950144
       0.174040    -258.947781
       0.173230    -258.946794
       0.173368    -258.953252
       0.173529    -258.946272
       0.173464    -258.952509
       0.173464    -257.766580
       0.171098    -258.401738
       0.174434    -258.151683
       0.175325    -258.196640
       0.176172    -258.212985
       0.174145    -258.235975
       0.174030    -258.326828
       0.176867    -258.782909
       0.177025    -258.781259
       0.180351    -258.786650
       0.180532    -258.777802
       0.180694    -258.785640
       0.180856    -258.782470
       0.180597    -258.779227
       0.180044    -258.779095
       0.180207    -258.784656
       0.179703    -258.780758
       0.179838    -258.782502
       0.179838    -257.771558
       0.176784    -259.295456
       0.176910    -259.935114
       0.176910    -259.945181
       0.176853    -259.945667
       0.176792    -259.939772
       0.176968    -259.938226
       0.177192    -259.944564
       0.176850    -259.937817
       0.176780    -259.938476
       0.176986    -259.942848
       0.176813    -259.943553
       0.176421    -259.938843
       0.176508    -259.943370
       0.176508    -259.921230
       0.170633    -260.892124
       0.169208    -261.365158
       0.169734    -261.367443
       0.169285    -261.360992
       0.169184    -261.365579
       0.168099    -261.367532
       0.168262    -261.363401
       0.168618    -261.367584
       0.169067    -261.367765
       0.168977    -261.368321
       0.168892    -261.366333
       0.168811    -261.365273
       0.168811    -261.612406
       0.169003    -262.215518
       0.169841    -262.431667
       0.168749    -262.679715
       0.163165    -263.012003
       0.159418    -263.909048
       0.145486    -266.266989
       0.145486    -266.266989
       0.147771    -264.605577
       0.147657    -264.604672
       0.147763    -264.606889
       0.148006    -264.603198
       0.148071    -264.598601
       0.148162    -264.604063
       0.148261    -264.597515
       0.148240    -264.606541
       0.150056    -264.599083
       0.152338    -264.606120
       0.154271    -264.599902
       0.161019    -261.445783
       0.161104    -261.288997
       0.161218    -261.165181
       0.160615    -261.069126
       0.160278    -261.108317
       0.157916    -261.172289
       0.156736    -261.258785
       0.156807    -261.339066
       0.156959    -261.457266
       0.156920    -261.553713
       0.156920    -261.542322
       0.157020    -261.542518
       0.157116    -261.551613
       0.157206    -261.549060
       0.156489    -261.547740
       0.156990    -261.547550
       0.157063    -261.542021
       0.156780    -261.549994
       0.159123    -261.547843
       0.159178    -261.545734
       0.159705    -261.544632
       0.159705    -259.959684
       0.159303    -260.203614
       0.160853    -260.280582
       0.157034    -260.184656
       0.157331    -259.993191
       0.154653    -260.493026
       0.153219    -260.646344
       0.153294    -260.802997
       0.157470    -260.934194
       0.154684    -261.174028
       0.154753    -261.440741
       0.154808    -261.434170
       0.154658    -261.439977
       0.154467    -261.433321
       0.154317    -261.436122
       0.154217    -261.435929
       0.154203    -261.439683
       0.154064    -261.437116
       0.153931    -261.431194
       0.153085    -261.432544
       0.152972    -261.438654
       0.152972    -260.434519
       0.149346    -260.995457
       0.151895    -261.009698
       0.151220    -261.019775
       0.150472    -261.093464
       0.150332    -261.248422
       0.151496    -261.440674
       0.149573    -261.644325
       0.148345    -261.823648
       0.148062    -262.034393
       0.147563    -262.219064
       0.147698    -262.216520
       0.147851    -262.213812
       0.147954    -262.220100
       0.149260    -262.215083
       0.149468    -262.216214
       0.149695    -262.216758
       0.150996    -262.221301
       0.151508    -262.217341
       0.151796    -262.221908
       0.151986    -262.220553
       0.151986    -260.936405
       0.152873    -261.934433
       0.153414    -262.154414
       0.153878    -262.263035
       0.155070    -262.270726
       0.154216    -262.782675
       0.151312    -263.337499
       0.151455    -263.343382
       0.152081    -263.337584
       0.152305    -263.337280
       0.152676    -263.345017
       0.152923    -263.345027
       0.152763    -263.338187
       0.154305    -263.335614
       0.154732    -263.338537
       0.155761    -263.340589
       0.156053    -263.337015
       0.156053    -261.537914
       0.149937    -262.554468
       0.147561    -262.588299
       0.146723    -262.805423
       0.146857    -262.920236
       0.149303    -263.106350
       0.150232    -263.379285
       0.150403    -263.567401
       0.150403    -263.567392
       0.150365    -263.566473
       0.150386    -263.571080
       0.150453    -263.571139
       0.150427    -263.562453
       0.150462    -263.566255
       0.150503    -263.568026
       0.152387    -263.563106
       0.152481    -263.564117
       0.154415    -263.563696
       0.154494    -263.568444
       0.154494    -262.633594
       0.151000    -263.448692
       0.151081    -263.649152
       0.153437    -263.590787
       0.153707    -263.988736
       0.154039    -264.113378
       0.153445    -264.218732
       0.153279    -264.311676
       0.153519    -264.430593
       0.153598    -264.561402
       0.156289    -264.781344
       0.156289    -264.786854
       0.156263    -264.780914
       0.156354    -264.786432
       0.156441    -264.781518
       0.156673    -264.779194
       0.156752    -264.785581
       0.154629    -264.781297
       0.154688    -264.783021
       0.154715    -264.782414
       0.154768    -264.784523
       0.154850    -264.780111
       0.154850    -263.784575
       0.153678    -264.450814
       0.151749    -264.489803
       0.153001    -264.380476
       0.152398    -264.456958
       0.151325    -264.578070
       0.152396    -264.790433
       0.152377    -264.793020
       0.154247    -264.796686
       0.152223    -264.794589
       0.152158    -264.794966
       0.152155    -264.791966
       0.152706    -264.792854
       0.152925    -264.791600
       0.152936    -264.788668
       0.153689    -264.792219
       0.153711    -264.793044
       0.153711    -263.525905
       0.153233    -263.965729
       0.152100    -264.316386
       0.153553    -264.736651
       0.152056    -265.188529
       0.151446    -265.440914
       0.149602    -267.384220
       0.149602    -267.384220
