       0.366968     288.748926
       0.366906     262.862002
       0.366560     231.925698
       0.366008     203.254925
       0.365292     176.536097
       0.364451     151.536739
       0.363516     128.093346
       0.362517     106.082727
       0.361473      85.405343
       0.360400      65.976208
       0.359309      47.720004
       0.358206      30.568406
       0.357099      14.458561
       0.355989      -0.667849
       0.354879     -14.865225
       0.353771     -28.184500
       0.352665     -40.673482
       0.351356     -52.377140
       0.350261     -63.337837
       0.348000     -73.595535
       0.346211     -83.187970
       0.342677     -92.150814
       0.339314    -100.517812
       0.337595    -108.320911
       0.336484    -115.590376
       0.335084    -122.354896
       0.333752    -128.641679
       0.331827    -134.476546
       0.329612    -139.884013
       0.327863    -144.887370
       0.326220    -149.508753
       0.325453    -153.769218
       0.322981    -157.688798
       0.319008    -161.286575
       0.316564    -164.580731
       0.315656    -167.588608
       0.307943    -170.326758
       0.307133    -172.810996
       0.306364    -175.056446
       0.305613    -177.077586
       0.305048    -178.888287
       0.304466    -180.501852
       0.303550    -181.931051
       0.302792    -183.188147
       0.302202    -184.284929
       0.301663    -185.232739
       0.301184    -186.042511
       0.300775    -186.724829
       0.300517    -187.290017
       0.294908    -187.748293
       0.294758    -188.109985
       0.294612    -188.385826
       0.292608    -188.587261
       0.292766    -188.726652
       0.289918    -188.817183
       0.290462    -188.872273
       0.291291    -188.904473
       0.292934    -188.924167
       0.294571    -188.938682
       0.296421    -188.952444
       0.298393    -188.968336
       0.301146    -188.989897
       0.304207    -189.023554
       0.307678    -189.080061
       0.311833    -189.174312
       0.313307    -189.322978
       0.318043    -189.540048
       0.323117    -189.831668
       0.335477    -190.192980
       0.341046    -190.609703
       0.343530    -191.065043
       0.350974    -191.549295
       0.358829    -192.067001
       0.363565    -192.636492
       0.362600    -193.279948
       0.361391    -194.008647
       0.365988    -194.813132
       0.367767    -195.665219
       0.369376    -196.529695
       0.369555    -197.377519
       0.373679    -198.193866
       0.377420    -198.979171
       0.381233    -199.744391
       0.375563    -200.502864
       0.379195    -201.261985
       0.382488    -202.018449
       0.377337    -202.759518
       0.380089    -203.469341
       0.382819    -204.136448
       0.380951    -204.758215
       0.380342    -205.340299
       0.380435    -205.891921
       0.382897    -206.420211
       0.382792    -206.927377
       0.383016    -207.412584
       0.385628    -207.876890
       0.388310    -208.327016
       0.391207    -208.774254
       0.393994    -209.228769
       0.396824    -209.694242
       0.399580    -210.168057
       0.402816    -210.647064
       0.405711    -211.133951
       0.405772    -211.639412
       0.406143    -212.178786
       0.409316    -212.765060
       0.410630    -213.402076
       0.408555    -214.081806
       0.410338    -214.787069
       0.413241    -215.497575
       0.411542    -216.195801
       0.411716    -216.870772
       0.412177    -217.519700
       0.413258    -218.147806
       0.413178    -218.765722
       0.413605    -219.384147
       0.416248    -220.007632
       0.418664    -220.631501
       0.417575    -221.244217
       0.419887    -221.832927
       0.422155    -222.387908
       0.419026    -222.903870
       0.421169    -223.379202
       0.427653    -223.814970
       0.425858    -224.214436
       0.426519    -224.582757
       0.428236    -224.926438
       0.426120    -225.252468
       0.422252    -225.567273
       0.420527    -225.875717
       0.421740    -226.180509
       0.423315    -226.482486
       0.422651    -226.781820
       0.419633    -227.079492
       0.417092    -227.377796
       0.419092    -227.678923
       0.420318    -227.981997
       0.421676    -228.280589
       0.427496    -228.563071
       0.432911    -228.816356
       0.434274    -229.031154
       0.431541    -229.206223
       0.433030    -229.350079
       0.434439    -229.479829
       0.431415    -229.617341
       0.429930    -229.783439
       0.429541    -229.991794
       0.430830    -230.244990
       0.430694    -230.534743
       0.430183    -230.845980
       0.432077    -231.162322
       0.433698    -231.470225
       0.435322    -231.760761
       0.430481    -232.029893
       0.431913    -232.278714
       0.434498    -232.514027
       0.431443    -232.748159
       0.431145    -232.996306
       0.432830    -233.271078
       0.429950    -233.576360
       0.431508    -233.904016
       0.431240    -234.235610
       0.431436    -234.548146
       0.442811    -234.820417
       0.444360    -235.036959
       0.452663    -235.189041
       0.451235    -235.274317
       0.453825    -235.297131
       0.454520    -235.270062
       0.454980    -235.215067
       0.450703    -235.161012
       0.446717    -235.135861
       0.449592    -235.157260
       0.451741    -235.229129
       0.448309    -235.346756
       0.446801    -235.503982
       0.447438    -235.695595
       0.447120    -235.915385
       0.447873    -236.154793
       0.446839    -236.404832
       0.447824    -236.659234
       0.448796    -236.915257
       0.445852    -237.171153
       0.447980    -237.423018
       0.451560    -237.664562
       0.449545    -237.890788
       0.456848    -238.102868
       0.458001    -238.310230
       0.463088    -238.527589
       0.464719    -238.767883
       0.468373    -239.034723
       0.469399    -239.318538
       0.470295    -239.598776
       0.470915    -239.851641
       0.465786    -240.060374
       0.465063    -240.223558
       0.459142    -240.356376
       0.455036    -240.482086
       0.453731    -240.618121
       0.454251    -240.767980
       0.455727    -240.925779
       0.456235    -241.087573
       0.455417    -241.258104
       0.459169    -241.447895
       0.459780    -241.664087
       0.459996    -241.902655
       0.460534    -242.148155
       0.463258    -242.381276
       0.460509    -242.589071
       0.463292    -242.771971
       0.463927    -242.944427
       0.464545    -243.128811
       0.472723    -243.344698
       0.474755    -243.598525
       0.477311    -243.879739
       0.475758    -244.165818
       0.475425    -244.432479
       0.473501    -244.662743
       0.468547    -244.850608
       0.466411    -244.998768
       0.459300    -245.112476
       0.461438    -245.192902
       0.461526    -245.232949
       0.459274    -245.217124
       0.460279    -245.125992
       0.458733    -244.945457
       0.458304    -244.680224
       0.455443    -244.366253
       0.457637    -244.069068
       0.457145    -243.855824
       0.449363    -243.754803
       0.444326    -243.740406
       0.443988    -243.755301
       0.447828    -243.741214
       0.445733    -243.656904
       0.445606    -243.486172
       0.450857    -243.242586
       0.460977    -242.969645
       0.461092    -242.730661
       0.466005    -242.586567
       0.465128    -242.570957
       0.465551    -242.678757
       0.471869    -242.875361
       0.471643    -243.115663
       0.471995    -243.359119
       0.470564    -243.577000
       0.473326    -243.754547
       0.473965    -243.890071
       0.466584    -243.991623
       0.464325    -244.072169
       0.463059    -244.144578
       0.466354    -244.217389
       0.464687    -244.291604
       0.461117    -244.358952
       0.467374    -244.403057
       0.470268    -244.405037
       0.468930    -244.353041
       0.463878    -244.252494
       0.467172    -244.131930
       0.476228    -244.038675
       0.478551    -244.021384
       0.475438    -244.106341
       0.475558    -244.284726
       0.479082    -244.521738
       0.473246    -244.778324
       0.472516    -245.027964
       0.468354    -245.261024
       0.464134    -245.480276
       0.469198    -245.693667
       0.467957    -245.908139
       0.471553    -246.126203
       0.472739    -246.346082
       0.474172    -246.564635
       0.476839    -246.780220
       0.477870    -246.992613
       0.477495    -247.200522
       0.471471    -247.400045
       0.471184    -247.586314
       0.473288    -247.757201
       0.465935    -247.916652
       0.474224    -248.075880
       0.474408    -248.251501
       0.470733    -248.460502
       0.466298    -248.713450
       0.462596    -249.008836
       0.464842    -249.331522
       0.466730    -249.656344
       0.466562    -249.955392
       0.465803    -250.205888
       0.463795    -250.395884
       0.464751    -250.526522
       0.464420    -250.611123
       0.453667    -250.672041
       0.451664    -250.735741
       0.449898    -250.825436
       0.449914    -250.951449
       0.448237    -251.103807
       0.450083    -251.253598
       0.453444    -251.363347
       0.455068    -251.399846
       0.452062    -251.345086
       0.449745    -251.205883
       0.450495    -251.019945
       0.466851    -250.847337
       0.460213    -250.739098
       0.451198    -250.703488
       0.448912    -250.707216
       0.460402    -250.709093
       0.461595    -250.686253
       0.457716    -250.634436
       0.457640    -250.555244
       0.453279    -250.446792
       0.458983    -250.303491
       0.459070    -250.121751
       0.463403    -249.905654
       0.460273    -249.669083
       0.460503    -249.434412
       0.465532    -249.228923
       0.487338    -249.078569
       0.486209    -248.998845
       0.486652    -248.987127
       0.492450    -249.023749
       0.489724    -249.083252
       0.493022    -249.148031
       0.494621    -249.214870
       0.495042    -249.290714
       0.499162    -249.381008
       0.488290    -249.478922
       0.486711    -249.563853
       0.488254    -249.610961
       0.489918    -249.605164
       0.487341    -249.550592
       0.484695    -249.470350
       0.484706    -249.397265
       0.484758    -249.361386
       0.482163    -249.382292
       0.483401    -249.469913
       0.481214    -249.628857
       0.482467    -249.858372
       0.486100    -250.147115
       0.483236    -250.469027
       0.483137    -250.785430
       0.483296    -251.052558
       0.479500    -251.230379
       0.468700    -251.289398
       0.473004    -251.214790
       0.463852    -251.009069
       0.461072    -250.694076
       0.460387    -250.310862
       0.458795    -249.914508
       0.459961    -249.562934
       0.459400    -249.303786
       0.456706    -249.165219
       0.456217    -249.152125
       0.463261    -249.246040
       0.461569    -249.409892
       0.460965    -249.599973
       0.466631    -249.781832
       0.466770    -249.941621
       0.462935    -250.086970
       0.452182    -250.237919
       0.446355    -250.413452
       0.438757    -250.620982
       0.440660    -250.853656
       0.446692    -251.094607
       0.448968    -251.323404
       0.453181    -251.521123
       0.450463    -251.673710
       0.450324    -251.774975
       0.451563    -251.830314
       0.449474    -251.860202
       0.445557    -251.898772
       0.450973    -251.981519
       0.451084    -252.123693
       0.452309    -252.304391
       0.451375    -252.472201
       0.464547    -252.569446
       0.461720    -252.557228
       0.459560    -252.429266
       0.461008    -252.214810
       0.461335    -251.974356
       0.461605    -251.786707
       0.468185    -251.722431
       0.463832    -251.809541
       0.461671    -252.016402
       0.457879    -252.271307
       0.455544    -252.503841
       0.447693    -252.676167
       0.449513    -252.788123
       0.445198    -252.859724
       0.437037    -252.906127
       0.443990    -252.923970
       0.447564    -252.897390
       0.441917    -252.814093
       0.440043    -252.676801
       0.440469    -252.503697
       0.440075    -252.319315
       0.439398    -252.142111
       0.443008    -251.978994
       0.441475    -251.832956
       0.441405    -251.714131
       0.441883    -251.637545
       0.447409    -251.607541
       0.447347    -251.608255
       0.444797    -251.613478
       0.444901    -251.606158
       0.447562    -251.588907
       0.452006    -251.577409
       0.452475    -251.583357
       0.452710    -251.602603
       0.452933    -251.619151
       0.454770    -251.619261
       0.455181    -251.601674
       0.462782    -251.577033
       0.465706    -251.559612
       0.462551    -251.558351
       0.459271    -251.572697
       0.457554    -251.594613
       0.463227    -251.613607
       0.461488    -251.620373
       0.460969    -251.607747
       0.456399    -251.571524
       0.459627    -251.513825
       0.460392    -251.447954
       0.460804    -251.399655
       0.459773    -251.399124
       0.457358    -251.463769
       0.448438    -251.582197
       0.445507    -251.715011
       0.443044    -251.816881
       0.443310    -251.865250
       0.443116    -251.873847
       0.450276    -251.880006
       0.455491    -251.914156
       0.461958    -251.974374
       0.468546    -252.024955
       0.468433    -252.017809
       0.472435    -251.920118
       0.474529    -251.733021
       0.477915    -251.495599
       0.474728    -251.275109
       0.475870    -251.145141
       0.469211    -251.155111
       0.470058    -251.305188
       0.469337    -251.546034
       0.456453    -251.804492
       0.457718    -252.016049
       0.456985    -252.147727
       0.453858    -252.206889
       0.442531    -252.234720
       0.437490    -252.283268
       0.437147    -252.383612
       0.438725    -252.525207
       0.441977    -252.662134
       0.439843    -252.740498
       0.450944    -252.728570
       0.451525    -252.635879
       0.444085    -252.514549
       0.444494    -252.439491
       0.445087    -252.471659
       0.444168    -252.624055
       0.444347    -252.856360
       0.441152    -253.101965
       0.442331    -253.302749
       0.442142    -253.428135
       0.447871    -253.475338
       0.445347    -253.459444
       0.449309    -253.401412
       0.447432    -253.318038
       0.455519    -253.215733
       0.457382    -253.089843
       0.458798    -252.930390
       0.471455    -252.731556
       0.472376    -252.498968
       0.477405    -252.250437
       0.467684    -252.011742
       0.464624    -251.812486
       0.459093    -251.682315
       0.468385    -251.642141
       0.468950    -251.691314
       0.470237    -251.802592
       0.476317    -251.932403
       0.476533    -252.039067
       0.472648    -252.096823
       0.468810    -252.100057
       0.472813    -252.059290
       0.477754    -251.993999
       0.471308    -251.926958
       0.467199    -251.881990
       0.467755    -251.884057
       0.468455    -251.959101
       0.466666    -252.130255
       0.471194    -252.407242
       0.467535    -252.770755
       0.462958    -253.163348
       0.451540    -253.499654
       0.452129    -253.693115
       0.451811    -253.682906
       0.450479    -253.450215
       0.447766    -253.025453
       0.450334    -252.490715
       0.448377    -251.972579
       0.454543    -251.609176
       0.454516    -251.488877
       0.454360    -251.600343
       0.455135    -251.841607
       0.454943    -252.079300
       0.455034    -252.207854
       0.449099    -252.177258
       0.445714    -251.992681
       0.455927    -251.700736
       0.453440    -251.369085
       0.467334    -251.060269
       0.466810    -250.810155
       0.464507    -250.628758
       0.465436    -250.520048
       0.461401    -250.493019
       0.462923    -250.551765
       0.462017    -250.681837
       0.461677    -250.848686
       0.464742    -251.005962
       0.462519    -251.107091
       0.464875    -251.119195
       0.467116    -251.040144
       0.467334    -250.912865
       0.463473    -250.819074
       0.458705    -250.837485
       0.461356    -250.990605
       0.473462    -251.234100
       0.471328    -251.497572
       0.491299    -251.730295
       0.483120    -251.918097
       0.482038    -252.071978
       0.475711    -252.204470
       0.470063    -252.314515
       0.471184    -252.393582
       0.475549    -252.444084
       0.476664    -252.488655
       0.471117    -252.558121
       0.466949    -252.665095
       0.465557    -252.784994
       0.469250    -252.863870
       0.461865    -252.850215
       0.460091    -252.728504
       0.460887    -252.532928
       0.459141    -252.331045
       0.457805    -252.183913
       0.459248    -252.112311
       0.458371    -252.099291
       0.452266    -252.121309
       0.452377    -252.174604
       0.452575    -252.279921
       0.453624    -252.468290
       0.453562    -252.754505
       0.454396    -253.113216
       0.454552    -253.480460
       0.451688    -253.783098
       0.452287    -253.970914
       0.452411    -254.030772
       0.451432    -253.983031
       0.451794    -253.869145
       0.451930    -253.737767
       0.454155    -253.633252
       0.452965    -253.587140
       0.450927    -253.611845
       0.452511    -253.698588
       0.455155    -253.823347
       0.462379    -253.959142
       0.464663    -254.086244
       0.464465    -254.193102
       0.463153    -254.269486
       0.460725    -254.300538
       0.462227    -254.268426
       0.459915    -254.160053
       0.456314    -253.974669
       0.455768    -253.727221
       0.455267    -253.446849
       0.456330    -253.172125
       0.466160    -252.946508
       0.460840    -252.815869
       0.456297    -252.821108
       0.457991    -252.978032
       0.454140    -253.257906
       0.453304    -253.592817
       0.454261    -253.902659
       0.457441    -254.119405
       0.451325    -254.198725
       0.448732    -254.125624
       0.446321    -253.918741
       0.452180    -253.629539
       0.454924    -253.329587
       0.466905    -253.085213
       0.467079    -252.932248
       0.467006    -252.869410
       0.463810    -252.873167
       0.463273    -252.917127
       0.460645    -252.980390
       0.461678    -253.045051
       0.468220    -253.092609
       0.464165    -253.106775
       0.462168    -253.081923
       0.461526    -253.030171
       0.467125    -252.979459
       0.464265    -252.960337
       0.459725    -252.987846
       0.458509    -253.050398
       0.461441    -253.113262
       0.454602    -253.133790
       0.461950    -253.079357
       0.463966    -252.940228
       0.464151    -252.733574
       0.460388    -252.498093
       0.458408    -252.281328
       0.462850    -252.124309
       0.466377    -252.049936
       0.466076    -252.059605
       0.468954    -252.135738
       0.471496    -252.244570
       0.465094    -252.340881
       0.465941    -252.382103
       0.466614    -252.351518
       0.458135    -252.277682
       0.460513    -252.231187
       0.463465    -252.286887
       0.463847    -252.470103
       0.466487    -252.736786
       0.470810    -253.009896
       0.468680    -253.232253
       0.469001    -253.390393
       0.467409    -253.503234
       0.479666    -253.594339
       0.478074    -253.669222
       0.477971    -253.710240
       0.466620    -253.687986
       0.472252    -253.579088
       0.464097    -253.381008
       0.464083    -253.119305
       0.467641    -252.845369
       0.463944    -252.623192
       0.465628    -252.507082
       0.460665    -252.519436
       0.455788    -252.641653
       0.454455    -252.824530
       0.454906    -253.011350
       0.455367    -253.160242
       0.457079    -253.256466
       0.457342    -253.311114
       0.464021    -253.345568
       0.464197    -253.367916
       0.460226    -253.358858
       0.457153    -253.281477
       0.449990    -253.108029
       0.449551    -252.842572
       0.455398    -252.522831
       0.456302    -252.201326
       0.458118    -251.924927
       0.453394    -251.730427
       0.456135    -251.647363
       0.462249    -251.692436
       0.462123    -251.861622
       0.454369    -252.130893
       0.454856    -252.461448
       0.453754    -252.804097
       0.458739    -253.105813
       0.458863    -253.319808
       0.454578    -253.415214
       0.455494    -253.383632
       0.455284    -253.242368
       0.456320    -253.032892
       0.455750    -252.811449
       0.466306    -252.631461
       0.473169    -252.524308
       0.462907    -252.489237
       0.465861    -252.498068
       0.466072    -252.510526
       0.459245    -252.491626
       0.457564    -252.424785
       0.459155    -252.317179
       0.451718    -252.195149
       0.447144    -252.091166
       0.444304    -252.030437
       0.437772    -252.026593
       0.438996    -252.085906
       0.445835    -252.208405
       0.444242    -252.379598
       0.442266    -252.563855
       0.441848    -252.713766
       0.441145    -252.792647
       0.448640    -252.793470
       0.448251    -252.740770
       0.444851    -252.674840
       0.445262    -252.629352
       0.453144    -252.616670
       0.452996    -252.626982
       0.449500    -252.637807
       0.448800    -252.628472
       0.450297    -252.594803
       0.450375    -252.557182
       0.452286    -252.553524
       0.452650    -252.614623
       0.452785    -252.736074
       0.471849    -252.871827
       0.466184    -252.956992
       0.468847    -252.941155
       0.470961    -252.811117
       0.484282    -252.595353
       0.491856    -252.351385
       0.491729    -252.141167
       0.488723    -252.004874
       0.488492    -251.947089
       0.489736    -251.943585
       0.483059    -251.962890
       0.489021    -251.987397
       0.487950    -252.021911
       0.475691    -252.087644
       0.472098    -252.207619
       0.476209    -252.392464
       0.472703    -252.634429
       0.473001    -252.911826
       0.474072    -253.199207
       0.460189    -253.476035
       0.460531    -253.729946
       0.460896    -253.955149
       0.458553    -254.148619
       0.456171    -254.307032
       0.463631    -254.426258
       0.461017    -254.502921
       0.449872    -254.535894
       0.453133    -254.526251
       0.454604    -254.475879
       0.453647    -254.386258
       0.452079    -254.259345
       0.449628    -254.101673
       0.453051    -253.929908
       0.453185    -253.772338
       0.448910    -253.660774
       0.448799    -253.614579
       0.446909    -253.627560
       0.445422    -253.667891
       0.445104    -253.690831
       0.453182    -253.655538
       0.453448    -253.537821
       0.453014    -253.336616
       0.455873    -253.075564
       0.450014    -252.799116
       0.455681    -252.561382
       0.457845    -252.409921
       0.461750    -252.371310
       0.461432    -252.444889
       0.466189    -252.606512
       0.460650    -252.819529
       0.458584    -253.047604
       0.461701    -253.263935
       0.468140    -253.454115
       0.464019    -253.613346
       0.463038    -253.740761
       0.461881    -253.833981
       0.463055    -253.886580
       0.463302    -253.889740
       0.469566    -253.837223
       0.462401    -253.731047
       0.457821    -253.585730
       0.452983    -253.430264
       0.448898    -253.306357
       0.449701    -253.259200
       0.454219    -253.319408
       0.476741    -253.485048
       0.473646    -253.719243
       0.465602    -253.967718
       0.465822    -254.182838
       0.465446    -254.338303
       0.464353    -254.430149
       0.462183    -254.468951
       0.464276    -254.470268
       0.464227    -254.448964
       0.461426    -254.420272
       0.459821    -254.405740
       0.458254    -254.436424
       0.458187    -254.544691
       0.455492    -254.745765
       0.455350    -255.023712
       0.455220    -255.335842
       0.457675    -255.631966
       0.452070    -255.873276
       0.446639    -256.041804
       0.439276    -256.141542
       0.441274    -256.193298
       0.438925    -256.221546
       0.438736    -256.235728
       0.436893    -256.220601
       0.437908    -256.148707
       0.441007    -256.007475
       0.439329    -255.820783
       0.437922    -255.649781
       0.439961    -255.566325
       0.437726    -255.608255
       0.438881    -255.749979
       0.432301    -255.917363
       0.432170    -256.032040
       0.436070    -256.047867
       0.439886    -255.963998
       0.441153    -255.819952
       0.440452    -255.677672
       0.439939    -255.592756
       0.439824    -255.585852
       0.438254    -255.633891
       0.439463    -255.689659
       0.434612    -255.714467
       0.434002    -255.699719
       0.436429    -255.665561
       0.439284    -255.642839
       0.437351    -255.654565
       0.434685    -255.708694
       0.434556    -255.800721
       0.432341    -255.918015
       0.439841    -256.042915
       0.439981    -256.156972
       0.440784    -256.246682
       0.437382    -256.306510
       0.432984    -256.335525
       0.433228    -256.330337
       0.434768    -256.282068
       0.438152    -256.181926
       0.435350    -256.031159
       0.441547    -255.846579
       0.439059    -255.656027
       0.444107    -255.485514
       0.440705    -255.346491
       0.436592    -255.233132
       0.436559    -255.132780
       0.436829    -255.042297
       0.437733    -254.978235
       0.439213    -254.971559
       0.435921    -255.045883
       0.435980    -255.191557
       0.439508    -255.357732
       0.440777    -255.473110
       0.441260    -255.481244
       0.449125    -255.368123
       0.449143    -255.169958
       0.449559    -254.957383
       0.449987    -254.798711
       0.451081    -254.721796
       0.452599    -254.705267
       0.463145    -254.706409
       0.466495    -254.698085
       0.470830    -254.683747
       0.465048    -254.681106
       0.462580    -254.693497
       0.456024    -254.703645
       0.452448    -254.697310
       0.449615    -254.684793
       0.454548    -254.694276
       0.454552    -254.746416
       0.460580    -254.836585
       0.464651    -254.937574
       0.464433    -255.015222
       0.461411    -255.044108
       0.465562    -255.016197
       0.465617    -254.941195
       0.464215    -254.840502
       0.466966    -254.738203
       0.473243    -254.652766
       0.471595    -254.592294
       0.475077    -254.554524
       0.462678    -254.531064
       0.461290    -254.515384
       0.458807    -254.512246
       0.454219    -254.540481
       0.455500    -254.621234
       0.455947    -254.757273
       0.449546    -254.922592
       0.448930    -255.073857
       0.449413    -255.173103
       0.447523    -255.203762
       0.450094    -255.172929
       0.453965    -255.102555
       0.456532    -255.014767
       0.458393    -254.919342
       0.454677    -254.813980
       0.457864    -254.701252
       0.455192    -254.610938
       0.450579    -254.605167
       0.455530    -254.745414
       0.455856    -255.033188
       0.455607    -255.388767
       0.454387    -255.704939
       0.450183    -255.916587
       0.450048    -256.023834
       0.448394    -256.072312
       0.449884    -256.117529
       0.450284    -256.191188
       0.450519    -256.282857
       0.454426    -256.347425
       0.454404    -256.334802
       0.458888    -256.223591
       0.449528    -256.040183
       0.450417    -255.853583
       0.448034    -255.744311
       0.448203    -255.758578
       0.459814    -255.877135
       0.454712    -256.025910
       0.455986    -256.121466
       0.449714    -256.118109
       0.448240    -256.030867
       0.450022    -255.925013
       0.450428    -255.874861
       0.451071    -255.915573
       0.451205    -256.025575
       0.445949    -256.147336
       0.445756    -256.217328
       0.442961    -256.185584
       0.445637    -256.028462
       0.440752    -255.758501
       0.437725    -255.426830
       0.436677    -255.110988
       0.440613    -254.885675
       0.444100    -254.787569
       0.443631    -254.799029
       0.441197    -254.866895
       0.441047    -254.942513
       0.438226    -255.010468
       0.440626    -255.085089
       0.445881    -255.183614
       0.438209    -255.305342
       0.437912    -255.432687
       0.442957    -255.541013
       0.435336    -255.602053
       0.433034    -255.585520
       0.436530    -255.469455
       0.436095    -255.257508
       0.430435    -254.990369
       0.428051    -254.738329
       0.426274    -254.571547
       0.424252    -254.523083
       0.426207    -254.573437
       0.423356    -254.670828
       0.427380    -254.768668
       0.427538    -254.850621
       0.437754    -254.930988
       0.437698    -255.037390
       0.437227    -255.190086
       0.438488    -255.390218
       0.438420    -255.621173
       0.438558    -255.857557
       0.436783    -256.073369
       0.441570    -256.247169
       0.443512    -256.366971
       0.439043    -256.434763
       0.438757    -256.465892
       0.439269    -256.480413
       0.442239    -256.490824
       0.438384    -256.493651
       0.435616    -256.467733
       0.432789    -256.379955
       0.432351    -256.200873
       0.436384    -255.925396
       0.430043    -255.582874
       0.428706    -255.226863
       0.421637    -254.916501
       0.420543    -254.705138
       0.419730    -254.626284
       0.423661    -254.671887
       0.425498    -254.795406
       0.426864    -254.949780
       0.427715    -255.118395
       0.425254    -255.309342
       0.425226    -255.527186
       0.425651    -255.753238
       0.429403    -255.949583
       0.428749    -256.076593
       0.430217    -256.107425
       0.433192    -256.035175
       0.433509    -255.874992
       0.433568    -255.660008
       0.431662    -255.429484
       0.435136    -255.214112
       0.434993    -255.027324
       0.434662    -254.866850
       0.435309    -254.723698
       0.433221    -254.592231
       0.433080    -254.475107
       0.433071    -254.379623
       0.435566    -254.308452
       0.441422    -254.254869
       0.440472    -254.208889
       0.441690    -254.166292
       0.441037    -254.129043
       0.441686    -254.100097
       0.446470    -254.084007
       0.447204    -254.094519
       0.445419    -254.161415
       0.438641    -254.329607
       0.433933    -254.642462
       0.434786    -255.107923
       0.432630    -255.670753
       0.436507    -256.221441
       0.434330    -256.637953
       0.437316    -256.829364
       0.434171    -256.764036
       0.427767    -256.485372
       0.426961    -256.113568
       0.420955    -255.811884
       0.420083    -255.704592
       0.423222    -255.799991
       0.423551    -255.998638
       0.423414    -256.170421
       0.423331    -256.219807
       0.426506    -256.109243
       0.428974    -255.857588
       0.427270    -255.528978
       0.427162    -255.213221
       0.431644    -254.992285
       0.428361    -254.899072
       0.431465    -254.898448
       0.431432    -254.914060
       0.434056    -254.879317
       0.442054    -254.772444
       0.441984    -254.622383
       0.447626    -254.493246
       0.441355    -254.451783
       0.450303    -254.527748
       0.452480    -254.699273
       0.454628    -254.918056
       0.458065    -255.140038
       0.454484    -255.332524
       0.449217    -255.468349
       0.448326    -255.525085
       0.450324    -255.492741
       0.455241    -255.386070
       0.454066    -255.255579
       0.451929    -255.184772
       0.452879    -255.257053
       0.457403    -255.498441
       0.456097    -255.846937
       0.451392    -256.187648
       0.451140    -256.415503
       0.446333    -256.471235
       0.438897    -256.348346
       0.445710    -256.091222
       0.442567    -255.788177
       0.439049    -255.548211
       0.444250    -255.457204
       0.440195    -255.533942
       0.438442    -255.720262
       0.436069    -255.917809
       0.434781    -256.046230
       0.437010    -256.082948
       0.435956    -256.061334
       0.438218    -256.032391
       0.437865    -256.020752
       0.436898    -256.011618
       0.439075    -255.974762
       0.439303    -255.895933
       0.440207    -255.789829
       0.439965    -255.695892
       0.432247    -255.665829
       0.432177    -255.742031
       0.431768    -255.930111
       0.430295    -256.184115
       0.428570    -256.418668
       0.427915    -256.540629
       0.427327    -256.482694
       0.427973    -256.229274
       0.432184    -255.832824
       0.438867    -255.411754
       0.437507    -255.110865
       0.437315    -255.028703
       0.429632    -255.164947
       0.434257    -255.432429
       0.439060    -255.713253
       0.439520    -255.910875
       0.435166    -255.975281
       0.429553    -255.905872
       0.437621    -255.741680
       0.439235    -255.542773
       0.444485    -255.366051
       0.438504    -255.245401
       0.438711    -255.188334
       0.438076    -255.188639
       0.440563    -255.239348
       0.440765    -255.332697
       0.443939    -255.450457
       0.444159    -255.558285
       0.444407    -255.612321
       0.439022    -255.575467
       0.435823    -255.436187
       0.436039    -255.222622
       0.440371    -255.003466
       0.440744    -254.866194
       0.437242    -254.873863
       0.440096    -255.026328
       0.436827    -255.260060
       0.435243    -255.488057
       0.435882    -255.646809
       0.443635    -255.720852
       0.442063    -255.736933
       0.447614    -255.736970
       0.440075    -255.750364
       0.432469    -255.782917
       0.436115    -255.822127
       0.440958    -255.848652
       0.436875    -255.847338
       0.434671    -255.815067
       0.440824    -255.762832
       0.443876    -255.711144
       0.447529    -255.681994
       0.456244    -255.693241
       0.454005    -255.757484
       0.450538    -255.878529
       0.451976    -256.039827
       0.452472    -256.198619
       0.452512    -256.303552
       0.451270    -256.323446
       0.448307    -256.261381
       0.452624    -256.149319
       0.449177    -256.032340
       0.445664    -255.948553
       0.443131    -255.910210
       0.435094    -255.897082
       0.435119    -255.870193
       0.433466    -255.797774
       0.437824    -255.674738
       0.437531    -255.525457
       0.439118    -255.392967
       0.437574    -255.320245
       0.443131    -255.328057
       0.450688    -255.400742
       0.455810    -255.494215
       0.452679    -255.563574
       0.459295    -255.590089
       0.456476    -255.590439
       0.454610    -255.604913
       0.451979    -255.672118
       0.453243    -255.804473
       0.448932    -255.978993
       0.447339    -256.148473
       0.442337    -256.265628
       0.438589    -256.306143
       0.433429    -256.277441
       0.433587    -256.207238
       0.437794    -256.120083
       0.437571    -256.022580
       0.437536    -255.910605
       0.438497    -255.787822
       0.438454    -255.674541
       0.443077    -255.599007
       0.440203    -255.579398
       0.443303    -255.609123
       0.443799    -255.653895
       0.445965    -255.663444
       0.451303    -255.594003
       0.448789    -255.431102
       0.447438    -255.201095
       0.436032    -254.963294
       0.443701    -254.782178
       0.442020    -254.694056
       0.441589    -254.692451
       0.443050    -254.740599
       0.443884    -254.793528
       0.440692    -254.811586
       0.437773    -254.766211
       0.441494    -254.647973
       0.445713    -254.478716
       0.445420    -254.316624
       0.441914    -254.238513
       0.445066    -254.298204
       0.445706    -254.490239
       0.450579    -254.755869
       0.449987    -255.026590
       0.457668    -255.263494
       0.453453    -255.464244
       0.447905    -255.641901
       0.452651    -255.798083
       0.452376    -255.912043
       0.450496    -255.950413
       0.444793    -255.885991
       0.444561    -255.712974
       0.448332    -255.453878
       0.447210    -255.157232
       0.446822    -254.884454
       0.452050    -254.687551
       0.446676    -254.590103
       0.446490    -254.587447
       0.448113    -254.664507
       0.450271    -254.811329
       0.445951    -255.022267
       0.433997    -255.283475
       0.430865    -255.563103
       0.431014    -255.814383
       0.427064    -255.990642
       0.426227    -256.062436
       0.428988    -256.026682
       0.435385    -255.904193
       0.438544    -255.729146
       0.438849    -255.537054
       0.439238    -255.354572
       0.436970    -255.191730
       0.437087    -255.043013
       0.433819    -254.904833
       0.433408    -254.797508
       0.436364    -254.765500
       0.433527    -254.848815
       0.435423    -255.049925
       0.434749    -255.325510
       0.433896    -255.605922
       0.436206    -255.823231
       0.432980    -255.932558
       0.436090    -255.923655
       0.435657    -255.822953
       0.435055    -255.683705
       0.432050    -255.562323
       0.447126    -255.488531
       0.443472    -255.449437
       0.435305    -255.403607
       0.435691    -255.316282
       0.433479    -255.188093
       0.428129    -255.056326
       0.425182    -254.969925
       0.433574    -254.957776
       0.435990    -255.009889
       0.434945    -255.077832
       0.434329    -255.092634
       0.433332    -254.994724
       0.436248    -254.764407
       0.436104    -254.439555
       0.434732    -254.110826
       0.428775    -253.890739
       0.427097    -253.865971
       0.429773    -254.058472
       0.428211    -254.419333
       0.435861    -254.855226
       0.431568    -255.266814
       0.430083    -255.579128
       0.434059    -255.755823
       0.435843    -255.798837
       0.432875    -255.738932
       0.433299    -255.623029
       0.432588    -255.502089
       0.433873    -255.419846
       0.431483    -255.402025
       0.426786    -255.449609
       0.427156    -255.542194
       0.429087    -255.651261
       0.429775    -255.754600
       0.432960    -255.843484
       0.433560    -255.921707
       0.431157    -256.000179
       0.439391    -256.090477
       0.440079    -256.199352
       0.441677    -256.325776
       0.443861    -256.461568
       0.444532    -256.594755
       0.448357    -256.713173
       0.447672    -256.806568
       0.442044    -256.867841
       0.442737    -256.894856
       0.441361    -256.892391
       0.438946    -256.871521
       0.437087    -256.844605
       0.437250    -256.818339
       0.436085    -256.789722
       0.440593    -256.746826
       0.440527    -256.672202
       0.439785    -256.547359
       0.440089    -256.359756
       0.439872    -256.112729
       0.439684    -255.833234
       0.436831    -255.568640
       0.445929    -255.368309
       0.444387    -255.257947
       0.440040    -255.226816
       0.440995    -255.240763
       0.441096    -255.267833
       0.439795    -255.294456
       0.440181    -255.327151
       0.445910    -255.386738
       0.440780    -255.498978
       0.446656    -255.680776
       0.446796    -255.925336
       0.443194    -256.196807
       0.441173    -256.440415
       0.450781    -256.601486
       0.450961    -256.642005
       0.453851    -256.548196
       0.457735    -256.329253
       0.461530    -256.011798
       0.463298    -255.634842
       0.465124    -255.246271
       0.464725    -254.898652
       0.466845    -254.643071
       0.466109    -254.520812
       0.465449    -254.551817
       0.463712    -254.722910
       0.454333    -254.986705
       0.461339    -255.278384
       0.456010    -255.541030
       0.455879    -255.742764
       0.459062    -255.878320
       0.460680    -255.960240
       0.451172    -256.008826
       0.444089    -256.045376
       0.438839    -256.087625
       0.438972    -256.146458
       0.441664    -256.226136
       0.444046    -256.328601
       0.445407    -256.456651
       0.444473    -256.610660
       0.443655    -256.780272
       0.450060    -256.937879
       0.450715    -257.040664
       0.453208    -257.043525
       0.450374    -256.917266
       0.447702    -256.660876
       0.447932    -256.301059
       0.440435    -255.884414
       0.434205    -255.472899
       0.434012    -255.139991
       0.434997    -254.951075
       0.440337    -254.928262
       0.439440    -255.031713
       0.437340    -255.183184
       0.439699    -255.315166
       0.435386    -255.406341
       0.432599    -255.479831
       0.431310    -255.571137
       0.434131    -255.694593
       0.439049    -255.834259
       0.447554    -255.959462
       0.446476    -256.046109
       0.455839    -256.089125
       0.450574    -256.102415
       0.446795    -256.108126
       0.448837    -256.120973
       0.454268    -256.138098
       0.454727    -256.142597
       0.453308    -256.117051
       0.465864    -256.055390
       0.473247    -255.966410
       0.466831    -255.872122
       0.467926    -255.805661
       0.469017    -255.805620
       0.465424    -255.900213
       0.466376    -256.086976
       0.458832    -256.326575
       0.463820    -256.560104
       0.459348    -256.738546
       0.461342    -256.845950
       0.460918    -256.903315
       0.456255    -256.948810
       0.467051    -257.006966
       0.462398    -257.074282
       0.461927    -257.132072
       0.466238    -257.166342
       0.466195    -257.175514
       0.463645    -257.168660
       0.460876    -257.161786
       0.460767    -257.171619
       0.456395    -257.207669
       0.453906    -257.269026
       0.453849    -257.345814
       0.448450    -257.418189
       0.453553    -257.455179
       0.448289    -257.424863
       0.449762    -257.316655
       0.444996    -257.159566
       0.444586    -257.018230
       0.444126    -256.961651
       0.441608    -257.021593
       0.441176    -257.172402
       0.444481    -257.348719
       0.444103    -257.483495
       0.443536    -257.537644
       0.443126    -257.510438
       0.446294    -257.435585
       0.448490    -257.368208
       0.449706    -257.364225
       0.450353    -257.456389
       0.444358    -257.637254
       0.447308    -257.859702
       0.447661    -258.057080
       0.447720    -258.172110
       0.450391    -258.178453
       0.450706    -258.085730
       0.448418    -257.929119
       0.447197    -257.751334
       0.447777    -257.587474
       0.445894    -257.459320
       0.446339    -257.376220
       0.448221    -257.336570
       0.451783    -257.330627
       0.454129    -257.347821
       0.455639    -257.383821
       0.455810    -257.438397
       0.452417    -257.504137
       0.452283    -257.558952
       0.452240    -257.575304
       0.451988    -257.542062
       0.451746    -257.477719
       0.450310    -257.419293
       0.450165    -257.400280
       0.450040    -257.444093
       0.447375    -257.570559
       0.445267    -257.791033
       0.439605    -258.090231
       0.436058    -258.419433
       0.429288    -258.714173
       0.428879    -258.922452
       0.429334    -259.025235
       0.430634    -259.042144
       0.430387    -259.020923
       0.438591    -259.012312
       0.438442    -259.040635
       0.437084    -259.088322
       0.439148    -259.105740
       0.437451    -259.038947
       0.436930    -258.856856
       0.433544    -258.564562
       0.430297    -258.201287
       0.432889    -257.828506
       0.438425    -257.512949
       0.441003    -257.306299
       0.441279    -257.228233
       0.441110    -257.263874
       0.443153    -257.376407
       0.446630    -257.524449
       0.446670    -257.675532
       0.442963    -257.811387
       0.443243    -257.923432
       0.443051    -258.002041
       0.444532    -258.027984
       0.444873    -257.974471
       0.449320    -257.823198
       0.444258    -257.588429
       0.444290    -257.331942
       0.443700    -257.147509
       0.443901    -257.110299
       0.442190    -257.224978
       0.449431    -257.420488
       0.449983    -257.594386
       0.450577    -257.666220
       0.451182    -257.610757
       0.452998    -257.466303
       0.452470    -257.316085
       0.453129    -257.242635
       0.450177    -257.277911
       0.451847    -257.387269
       0.453051    -257.497086
       0.451069    -257.537556
       0.454365    -257.471374
       0.459503    -257.300489
       0.456145    -257.057932
       0.449296    -256.794767
       0.453028    -256.568069
       0.453800    -256.428224
       0.454012    -256.400609
       0.448761    -256.468582
       0.448573    -256.579060
       0.452385    -256.675187
       0.452455    -256.729494
       0.448396    -256.753825
       0.449050    -256.788967
       0.448780    -256.886886
       0.443732    -257.086095
       0.442101    -257.382690
       0.444941    -257.722355
       0.444827    -258.026277
       0.446557    -258.227500
       0.445374    -258.294658
       0.445455    -258.240007
       0.443989    -258.113261
       0.440674    -257.980204
       0.446827    -257.892342
       0.444052    -257.866862
       0.448176    -257.890538
       0.449297    -257.935572
       0.447954    -257.968738
       0.450800    -257.954892
       0.444194    -257.865047
       0.449696    -257.689171
       0.449378    -257.446429
       0.453504    -257.185977
       0.450634    -256.972858
       0.450309    -256.860420
       0.447429    -256.865648
       0.444893    -256.967565
       0.444189    -257.128018
       0.451562    -257.314963
       0.453449    -257.512176
       0.446139    -257.713774
       0.446142    -257.912185
       0.448462    -258.091105
       0.452533    -258.229654
       0.452489    -258.313588
       0.451051    -258.343013
       0.452510    -258.330062
       0.449592    -258.290116
       0.446034    -258.234805
       0.446929    -258.169878
       0.451879    -258.095413
       0.448432    -258.006934
       0.444401    -257.898600
       0.437676    -257.769118
       0.436382    -257.628735
       0.444310    -257.503312
       0.447086    -257.430432
       0.446806    -257.445080
       0.440295    -257.559584
       0.438016    -257.750530
       0.435980    -257.964893
       0.433449    -258.143795
       0.432987    -258.249178
       0.437460    -258.279116
       0.428132    -258.264521
       0.428057    -258.246496
       0.424224    -258.245496
       0.421063    -258.247521
       0.421104    -258.223076
       0.428865    -258.160842
       0.430066    -258.083006
       0.433877    -258.029682
       0.436045    -258.028067
       0.432880    -258.073032
       0.431645    -258.133823
       0.433786    -258.178653
       0.433677    -258.197116
       0.436499    -258.206051
       0.439161    -258.237695
       0.435971    -258.320430
       0.430992    -258.465811
       0.433261    -258.667099
       0.434312    -258.902743
       0.434386    -259.138854
       0.431588    -259.334928
       0.432491    -259.458133
       0.441566    -259.501597
       0.440628    -259.494523
       0.440844    -259.491408
       0.437903    -259.538124
       0.433919    -259.638532
       0.436186    -259.755689
       0.434161    -259.844958
       0.437180    -259.882491
       0.440968    -259.868578
       0.435572    -259.814077
       0.436459    -259.726792
       0.434732    -259.609719
       0.435688    -259.470786
       0.436289    -259.329680
       0.436671    -259.209142
       0.437335    -259.119039
       0.436747    -259.052542
       0.433627    -258.997735
       0.433653    -258.951767
       0.436079    -258.926308
       0.437571    -258.939230
       0.439611    -258.996335
       0.437620    -259.078811
       0.442572    -259.149083
       0.445626    -259.168646
       0.445608    -259.112684
       0.445930    -258.974992
       0.448463    -258.766256
       0.445908    -258.510228
       0.444928    -258.240267
       0.450055    -257.997171
       0.446446    -257.827038
       0.446458    -257.774558
       0.446706    -257.867705
       0.451331    -258.099216
       0.447869    -258.420429
       0.444990    -258.757294
       0.451398    -259.039002
       0.448206    -259.220284
       0.452888    -259.287386
       0.455002    -259.251352
       0.451646    -259.139246
       0.443680    -258.990643
       0.445429    -258.855686
       0.444624    -258.783973
       0.440651    -258.802896
       0.444473    -258.901038
       0.441696    -259.032541
       0.443615    -259.139525
       0.443784    -259.176404
       0.440642    -259.122860
       0.440576    -258.982680
       0.444053    -258.775594
       0.446648    -258.531531
       0.448823    -258.288321
       0.454728    -258.085252
       0.449448    -257.951476
       0.446374    -257.901580
       0.438620    -257.942638
       0.438046    -258.077543
       0.438044    -258.295120
       0.436228    -258.558747
       0.438076    -258.808275
       0.438312    -258.976358
       0.440905    -259.010735
       0.442066    -258.894412
       0.448973    -258.658393
       0.447475    -258.379649
       0.448907    -258.154617
       0.442270    -258.052460
       0.443063    -258.079918
       0.443688    -258.186201
       0.443253    -258.297902
       0.445834    -258.357691
       0.449407    -258.351697
       0.449517    -258.316201
       0.449432    -258.317091
       0.447836    -258.408334
       0.451302    -258.593077
       0.444437    -258.814228
       0.442825    -258.982018
       0.442599    -259.019064
       0.442382    -258.895017
       0.446562    -258.636255
       0.450724    -258.311320
       0.451311    -258.000882
       0.451073    -257.765490
       0.444971    -257.624887
       0.443652    -257.558027
       0.442364    -257.522692
       0.442085    -257.481001
       0.443262    -257.414362
       0.444852    -257.320485
       0.441257    -257.198057
       0.441071    -257.036986
       0.442166    -256.830927
       0.442150    -256.602834
       0.442119    -256.409706
       0.445605    -256.307013
       0.447250    -256.304584
       0.447456    -256.368653
       0.450068    -256.467569
       0.455768    -256.604395
       0.452328    -256.804694
       0.452398    -257.078821
       0.447822    -257.397550
       0.446262    -257.701356
       0.453417    -257.931242
       0.452159    -258.057073
       0.451717    -258.090931
       0.447991    -258.083487
       0.448223    -258.102437
       0.441758    -258.197684
       0.438178    -258.372489
       0.439935    -258.582034
       0.445380    -258.758820
       0.450171    -258.844727
       0.445104    -258.814470
       0.445216    -258.687657
       0.445383    -258.527471
       0.439660    -258.418056
       0.439907    -258.419967
       0.441496    -258.530120
       0.444688    -258.684272
       0.450419    -258.803201
       0.454248    -258.843717
       0.454368    -258.820277
       0.447999    -258.787753
       0.450522    -258.798521
       0.449626    -258.867013
       0.447131    -258.969173
       0.441041    -259.067772
       0.439824    -259.133620
       0.436741    -259.149289
       0.440594    -259.105820
       0.443497    -259.005705
       0.443073    -258.868939
       0.442820    -258.728675
       0.442390    -258.615331
       0.440737    -258.544175
       0.443803    -258.515769
       0.448256    -258.522591
       0.447944    -258.553094
       0.446159    -258.591349
       0.443278    -258.614953
       0.439032    -258.596838
       0.441811    -258.514701
       0.441688    -258.363160
       0.441628    -258.158357
       0.443259    -257.929910
       0.445619    -257.706722
       0.445647    -257.510205
       0.446865    -257.360546
       0.450946    -257.283358
       0.450001    -257.299619
       0.456074    -257.404424
       0.453238    -257.561271
       0.453892    -257.721987
       0.453530    -257.852616
       0.451208    -257.945633
       0.447186    -258.016321
       0.448035    -258.089819
       0.447444    -258.186325
       0.446844    -258.312092
       0.446605    -258.460697
       0.446436    -258.620438
       0.443870    -258.778482
       0.434585    -258.918823
       0.437687    -259.020737
       0.435963    -259.062799
       0.434426    -259.029372
       0.438420    -258.914998
       0.435029    -258.725602
       0.433718    -258.477556
       0.430880    -258.196966
       0.433606    -257.921467
       0.445617    -257.702522
       0.442358    -257.600175
       0.442916    -257.662878
       0.443482    -257.898165
       0.444186    -258.256157
       0.443344    -258.643747
       0.439749    -258.961204
       0.438384    -259.137483
       0.436054    -259.150250
       0.432725    -259.030095
       0.432737    -258.850143
       0.440811    -258.698963
       0.441721    -258.640767
       0.438542    -258.684386
       0.438172    -258.785918
       0.440918    -258.881730
       0.438914    -258.923869
       0.438082    -258.898606
       0.438540    -258.827357
       0.447578    -258.754638
       0.438180    -258.726675
       0.439091    -258.768243
       0.451209    -258.870693
       0.451068    -258.999035
       0.448815    -259.111616
       0.454035    -259.178113
       0.452735    -259.186612
       0.456156    -259.140395
       0.461715    -259.050983
       0.456081    -258.933379
       0.458650    -258.804340
       0.457757    -258.680185
       0.453232    -258.571955
       0.448017    -258.481114
       0.456846    -258.401393
       0.454207    -258.327726
       0.450387    -258.265755
       0.454651    -258.232230
       0.455051    -258.242046
       0.451345    -258.291735
       0.444111    -258.357822
       0.439812    -258.414101
       0.438322    -258.450179
       0.443430    -258.473836
       0.439016    -258.496861
       0.437836    -258.518251
       0.432662    -258.520348
       0.435302    -258.482308
       0.436648    -258.401294
       0.435523    -258.305552
       0.438287    -258.246304
       0.438077    -258.267987
       0.437008    -258.376493
       0.447922    -258.532492
       0.447785    -258.675189
       0.453489    -258.755440
       0.445468    -258.756316
       0.432598    -258.694441
       0.433521    -258.605850
       0.445999    -258.524417
       0.447115    -258.464497
       0.442503    -258.418508
       0.448125    -258.369590
       0.448045    -258.307943
       0.451974    -258.238561
       0.451701    -258.176468
       0.451667    -258.135123
       0.460209    -258.118415
       0.459957    -258.122081
       0.463332    -258.139687
       0.459339    -258.164458
       0.465833    -258.186072
       0.457723    -258.189668
       0.453923    -258.161282
       0.457344    -258.095136
       0.457051    -257.995686
       0.451100    -257.872871
       0.444047    -257.734961
       0.444078    -257.584862
       0.443016    -257.423761
       0.441354    -257.262382
       0.437098    -257.133104
       0.435030    -257.087970
       0.432768    -257.172732
       0.434820    -257.393243
       0.438320    -257.707814
       0.436714    -258.052843
       0.437295    -258.373869
       0.442270    -258.640101
       0.437693    -258.843979
       0.438212    -258.994445
       0.435712    -259.107997
       0.436103    -259.198815
       0.436547    -259.270575
       0.441860    -259.314194
       0.439404    -259.313611
       0.444885    -259.255661
       0.439218    -259.135956
       0.438826    -258.957795
       0.449080    -258.731372
       0.448653    -258.480697
       0.451081    -258.251315
       0.449055    -258.101253
       0.449869    -258.070266
       0.449695    -258.151772
       0.443246    -258.298057
       0.445142    -258.453597
       0.443365    -258.582908
       0.457175    -258.674207
       0.456075    -258.727304
       0.456233    -258.742448
       0.454718    -258.718687
       0.453857    -258.659131
       0.462430    -258.575454
       0.460061    -258.486233
       0.458289    -258.409641
       0.461244    -258.355467
       0.460568    -258.321017
       0.463385    -258.291649
       0.460699    -258.245638
       0.459669    -258.164641
       0.459340    -258.048116
       0.451691    -257.922527
       0.450719    -257.833851
       0.447203    -257.822111
       0.444057    -257.894958
       0.446488    -258.022608
       0.452943    -258.156610
       0.451371    -258.254177
       0.456474    -258.291828
       0.456466    -258.265884
       0.454458    -258.185937
       0.455987    -258.068172
       0.451208    -257.931616
       0.451156    -257.796483
       0.446500    -257.682638
       0.451728    -257.607236
       0.442358    -257.581439
       0.442115    -257.606584
       0.442041    -257.671885
       0.446703    -257.757934
       0.446746    -257.847551
       0.441140    -257.937437
       0.441062    -258.041034
       0.445977    -258.179899
       0.446281    -258.369850
       0.450139    -258.610433
       0.451220    -258.882081
       0.443547    -259.150064
       0.446416    -259.372715
       0.444599    -259.512235
       0.446173    -259.545513
       0.444684    -259.470734
       0.445986    -259.306971
       0.440586    -259.088245
       0.441244    -258.856583
       0.443917    -258.656608
       0.447478    -258.529232
       0.442280    -258.501694
       0.434572    -258.577653
       0.431766    -258.734655
       0.427639    -258.930689
       0.431414    -259.115177
       0.431452    -259.240222
       0.431276    -259.271510
       0.435522    -259.198588
       0.435092    -259.041738
       0.439458    -258.850789
       0.440576    -258.691676
       0.446014    -258.621924
       0.445629    -258.666504
       0.448533    -258.809997
       0.445748    -259.009030
       0.449081    -259.211775
       0.448805    -259.370268
       0.447005    -259.444775
       0.446633    -259.407915
       0.447097    -259.252203
       0.439662    -258.997086
       0.439102    -258.688228
       0.438482    -258.384204
       0.442335    -258.134194
       0.439880    -257.960411
       0.447666    -257.858738
       0.455539    -257.815874
       0.447685    -257.826945
       0.444945    -257.898783
       0.445178    -258.037693
       0.447659    -258.234275
       0.447598    -258.459486
       0.439732    -258.674449
       0.441037    -258.845201
       0.440988    -258.952695
       0.447653    -258.993993
       0.450428    -258.975679
       0.451347    -258.903572
       0.452545    -258.775043
       0.455121    -258.579437
       0.449112    -258.306536
       0.447735    -257.958365
       0.444602    -257.560877
       0.449615    -257.171090
       0.442180    -256.867448
       0.443608    -256.715186
       0.442918    -256.726849
       0.443025    -256.855953
       0.442498    -257.031119
       0.445099    -257.198429
       0.445049    -257.341932
       0.442186    -257.477082
       0.444374    -257.629707
       0.444115    -257.818675
       0.444239    -258.051041
       0.447500    -258.323781
       0.448634    -258.624360
       0.449030    -258.930407
       0.449843    -259.212105
       0.444684    -259.437764
       0.444791    -259.580544
       0.442642    -259.624444
       0.439818    -259.568172
       0.440349    -259.424766
       0.438552    -259.215646
       0.435632    -258.962246
       0.441113    -258.681974
       0.441403    -258.391094
       0.436628    -258.109076
       0.436946    -257.859020
       0.437328    -257.666025
       0.443465    -257.556935
       0.442731    -257.557846
       0.441593    -257.683531
       0.443952    -257.923395
       0.442576    -258.237429
       0.445026    -258.568072
       0.447870    -258.859528
       0.446104    -259.072014
       0.445790    -259.185768
       0.445497    -259.198322
       0.449156    -259.121346
       0.448912    -258.979701
       0.443481    -258.809145
       0.443343    -258.646403
       0.441325    -258.511701
       0.439453    -258.395924
       0.444561    -258.266771
       0.451593    -258.093187
       0.451488    -257.871617
       0.454177    -257.636617
       0.456342    -257.446800
       0.458252    -257.349108
       0.457118    -257.342866
       0.460437    -257.375451
       0.456849    -257.377512
       0.454274    -257.308555
       0.459101    -257.180155
       0.459607    -257.047270
       0.450743    -256.977424
       0.460221    -257.017474
       0.460852    -257.175625
       0.455608    -257.422405
       0.448622    -257.704359
       0.450038    -257.963775
       0.447813    -258.157311
       0.448000    -258.266862
       0.446751    -258.300664
       0.448086    -258.286290
       0.449788    -258.257196
       0.457425    -258.236222
       0.459764    -258.225237
       0.458105    -258.209406
       0.450592    -258.171849
       0.450411    -258.106792
       0.447212    -258.025365
       0.446279    -257.952727
       0.446242    -257.916955
       0.437899    -257.939533
       0.441329    -258.036241
       0.445227    -258.217974
       0.446874    -258.480466
       0.435565    -258.793164
       0.437503    -259.100758
       0.436027    -259.338273
       0.431637    -259.453983
       0.430531    -259.431248
       0.429128    -259.297357
       0.423210    -259.110553
       0.425261    -258.930295
       0.426121    -258.794772
       0.421993    -258.725535
