       0.366929     280.212808
       0.366746     160.139778
       0.360272      64.216392
       0.355725      -7.912905
       0.350253     -62.041099
       0.412783    -257.544678
       0.412783    -257.544678
       0.415311    -255.860941
       0.417859    -255.860127
       0.418031    -255.865967
       0.418282    -255.865374
       0.418285    -255.869273
       0.415469    -255.860984
       0.415586    -255.864450
       0.415823    -255.861034
       0.415883    -255.866852
       0.418758    -255.860139
       0.418493    -255.865487
       0.430444    -255.430907
       0.429894    -255.368728
       0.431524    -255.216059
       0.431856    -255.330620
       0.436610    -255.425368
       0.431425    -255.518606
       0.424729    -255.609163
       0.425654    -255.703391
       0.422778    -255.806409
       0.423877    -255.962206
       0.422770    -256.140530
       0.422770    -256.142405
       0.423188    -256.142880
       0.423612    -256.143880
       0.424041    -256.146549
       0.422207    -256.144545
       0.421597    -256.147009
       0.422006    -256.147544
       0.422413    -256.143540
       0.422816    -256.143540
       0.423389    -256.141776
       0.423781    -256.139555
       0.423781    -255.589531
       0.424158    -256.354253
       0.430993    -256.549704
       0.432576    -256.664140
       0.437423    -256.800118
       0.438512    -257.008459
       0.437414    -257.240069
       0.437414    -257.248742
       0.437522    -257.247487
       0.435533    -257.244845
       0.435582    -257.242465
       0.435551    -257.245467
       0.435695    -257.247997
       0.435661    -257.243140
       0.434363    -257.241605
       0.434370    -257.240131
       0.429888    -257.240429
       0.428318    -257.246677
       0.428318    -256.806605
       0.433045    -257.474610
       0.435095    -257.507216
       0.431192    -257.514258
       0.434162    -257.511906
       0.431594    -257.575154
       0.431544    -257.676396
       0.432210    -257.840652
       0.432793    -257.946645
       0.433313    -258.002277
       0.431502    -258.137936
       0.433050    -258.453179
       0.454254    -260.735830
       0.454254    -260.735830
       0.462410    -259.204185
       0.463063    -259.204619
       0.462469    -259.203601
       0.461775    -259.205108
       0.464060    -259.201921
       0.463365    -259.198562
       0.463978    -259.202898
       0.463209    -259.202733
       0.462432    -259.204761
       0.459510    -259.200159
       0.458726    -259.199244
       0.449846    -257.743773
       0.445893    -257.730116
       0.444743    -257.688620
       0.447938    -257.607849
       0.445948    -257.518369
       0.448612    -257.421718
       0.444019    -257.427725
       0.443370    -257.476235
       0.442807    -257.557210
       0.436336    -257.750056
       0.436336    -257.744996
       0.435534    -257.746285
       0.434777    -257.744145
       0.435503    -257.747912
       0.437059    -257.742447
       0.439426    -257.744643
       0.439060    -257.751373
       0.438713    -257.743089
       0.441163    -257.750857
       0.440626    -257.745380
       0.441496    -257.746683
       0.441496    -256.824600
       0.432428    -257.218423
       0.430254    -257.355170
       0.429695    -257.266385
       0.429033    -257.626847
       0.430812    -257.688809
       0.431117    -257.711636
       0.431557    -257.741826
       0.432545    -257.768411
       0.432545    -257.775371
       0.432512    -257.775285
       0.434111    -257.768313
       0.431640    -257.775800
       0.431643    -257.771365
       0.431659    -257.772197
       0.431688    -257.774740
       0.431727    -257.768279
       0.431777    -257.768617
       0.435032    -257.767173
       0.435108    -257.768081
       0.435108    -257.334732
       0.432148    -257.980386
       0.433181    -258.108759
       0.434215    -258.234197
       0.430967    -258.384525
       0.431311    -258.507876
       0.431498    -258.614734
       0.432062    -258.719229
       0.429523    -258.792636
       0.429470    -258.796101
       0.429476    -258.788478
       0.429531    -258.790492
       0.427426    -258.789476
       0.427410    -258.791652
       0.428839    -258.796584
       0.428857    -258.791377
       0.428813    -258.796039
       0.428762    -258.795598
       0.428704    -258.794125
       0.428704    -258.468261
       0.432552    -258.930821
       0.423223    -258.802424
       0.424355    -258.910784
       0.424334    -258.936169
       0.425892    -258.952583
       0.427553    -258.972883
       0.427508    -258.958360
       0.431050    -259.044715
       0.431050    -259.042942
       0.431099    -259.042439
       0.431144    -259.050724
       0.433635    -259.042528
       0.435468    -259.047857
       0.435324    -259.049104
       0.438041    -259.042713
       0.436551    -259.046757
       0.436541    -259.046350
       0.436524    -259.048825
       0.436501    -259.045767
       0.436501    -258.446265
       0.437663    -258.524716
       0.438698    -258.517377
       0.441532    -258.506049
       0.438832    -258.493943
       0.437941    -258.518506
       0.428823    -258.697595
       0.428691    -258.695502
       0.428549    -258.698815
       0.428389    -258.693621
       0.428228    -258.701842
       0.428266    -258.693546
       0.428086    -258.699480
       0.427897    -258.702749
       0.430613    -258.703014
       0.433459    -258.694681
       0.433519    -258.700321
       0.433519    -257.816734
       0.431996    -258.356448
       0.433439    -258.293853
       0.426629    -258.493384
       0.430786    -258.560517
       0.433103    -258.580921
       0.433913    -258.619165
       0.440578    -258.683806
       0.434415    -258.719504
       0.434443    -258.721458
       0.432619    -258.723595
       0.432564    -258.715191
       0.432550    -258.722102
       0.436027    -258.715138
       0.435990    -258.723290
       0.435939    -258.716420
       0.440457    -258.721411
       0.440363    -258.719226
       0.440165    -258.717365
       0.440165    -257.845924
       0.436423    -257.837718
       0.434779    -257.641709
       0.445809    -257.363429
       0.445269    -257.348748
       0.444964    -257.406647
       0.450139    -257.502452
       0.442137    -257.677583
       0.435766    -258.031819
       0.435766    -258.029173
       0.437751    -258.026705
       0.437464    -258.026156
       0.434403    -258.032173
       0.434182    -258.029856
       0.433661    -258.035403
       0.433292    -258.027328
       0.433053    -258.029734
       0.439823    -258.026559
       0.439577    -258.031087
       0.439327    -258.028329
       0.439327    -257.202902
       0.436262    -257.444613
       0.429580    -257.675068
       0.427433    -257.908516
       0.431098    -258.042116
       0.429673    -258.141974
       0.418068    -259.455029
       0.418068    -259.455029
       0.431547    -261.179579
       0.431547    -261.179579
       0.420890    -259.710644
       0.420574    -259.713723
       0.420207    -259.714282
       0.422380    -259.716895
       0.422021    -259.711484
       0.421709    -259.709756
       0.423282    -259.717826
       0.422904    -259.717994
       0.422537    -259.708397
       0.422107    -259.716946
       0.423447    -259.713048
       0.429924    -258.148234
       0.431370    -257.929808
       0.430642    -257.573360
       0.430015    -257.496081
       0.427067    -257.495152
       0.420792    -257.585876
       0.421710    -257.718678
       0.422196    -257.884190
       0.424510    -258.111887
       0.419231    -258.365825
       0.415781    -258.639587
       0.415481    -258.639589
       0.415169    -258.641942
       0.416095    -258.633328
       0.417250    -258.636073
       0.416945    -258.639551
       0.420332    -258.641051
       0.420019    -258.636239
       0.419706    -258.638954
       0.419395    -258.634348
       0.420661    -258.638269
       0.420661    -257.240117
       0.424315    -257.702059
       0.423559    -257.858933
       0.426069    -257.775502
       0.433298    -257.785514
       0.437390    -257.871706
       0.435434    -258.018364
       0.433465    -258.156088
       0.433754    -258.526408
       0.431812    -258.608217
       0.431630    -258.612353
       0.430347    -258.610632
       0.435490    -258.614915
       0.435175    -258.609928
       0.434850    -258.607779
       0.434516    -258.610174
       0.434339    -258.612367
       0.432555    -258.613367
       0.430865    -258.614668
       0.429456    -258.608445
       0.429456    -257.816370
       0.426859    -257.955933
       0.426124    -257.882207
       0.419151    -257.620752
       0.423775    -257.568209
       0.420469    -257.560474
       0.419842    -257.587770
       0.420703    -257.618528
       0.420068    -257.690826
       0.420562    -257.755440
       0.419111    -257.940499
       0.425051    -258.061268
       0.424886    -258.058811
       0.424513    -258.064703
       0.422780    -258.057647
       0.422684    -258.059361
       0.422537    -258.058493
       0.419856    -258.057125
       0.419661    -258.056908
       0.419839    -258.064384
       0.421121    -258.061355
       0.420978    -258.066503
       0.420978    -257.337256
       0.421633    -257.764008
       0.418525    -257.792886
       0.423609    -257.805392
       0.423189    -257.837399
       0.422219    -257.888092
       0.426508    -258.491163
       0.426508    -258.493012
       0.426623    -258.491522
       0.426736    -258.492437
       0.426729    -258.497440
       0.426822    -258.496949
       0.426906    -258.491907
       0.426980    -258.495281
       0.427042    -258.496981
       0.427089    -258.492418
       0.427625    -258.492674
       0.425888    -258.496905
       0.425888    -257.458809
       0.425729    -258.003883
       0.428132    -257.856452
       0.428088    -257.705882
       0.429676    -257.737342
       0.427693    -257.851144
       0.427836    -258.025712
       0.424141    -258.023304
       0.424049    -258.024999
       0.427423    -258.019655
       0.425905    -258.021150
       0.425660    -258.022296
       0.429297    -258.021450
       0.431334    -258.018928
       0.432556    -258.018742
       0.432277    -258.026484
       0.431989    -258.020985
       0.431989    -256.631241
       0.432271    -256.846569
       0.436346    -256.519456
       0.435556    -256.538177
       0.427963    -257.222244
       0.430596    -257.228003
       0.430521    -257.223766
       0.430441    -257.225855
       0.428682    -257.219962
       0.428591    -257.224953
       0.428755    -257.226191
       0.429374    -257.221737
       0.429269    -257.224761
       0.427902    -257.223332
       0.427899    -257.219435
       0.427899    -255.910692
       0.432896    -256.045625
       0.442461    -256.051068
       0.432892    -256.272149
       0.437434    -257.160386
       0.437513    -257.165292
       0.441075    -257.169136
       0.441342    -257.163751
       0.441598    -257.168920
       0.441763    -257.168804
       0.441990    -257.164744
       0.442296    -257.169014
       0.431822    -257.168290
       0.429649    -257.159715
       0.429784    -257.165776
       0.429784    -256.848248
       0.426769    -257.341357
       0.426124    -257.670475
       0.425218    -257.944555
       0.427075    -258.284173
       0.422544    -258.504153
       0.423561    -261.735406
       0.423561    -261.735406
       0.432673    -260.225497
       0.432402    -260.227659
       0.428309    -260.226889
       0.428023    -260.228670
       0.433228    -260.228706
       0.434431    -260.224396
       0.433759    -260.222157
       0.434766    -260.223250
       0.437053    -260.225359
       0.436666    -260.230591
       0.438213    -260.222263
       0.437697    -258.957499
       0.431849    -258.946511
       0.429647    -258.938575
       0.429405    -258.958301
       0.429279    -259.041001
       0.429199    -259.161907
       0.426107    -259.345052
       0.435068    -259.504042
       0.435238    -260.224772
       0.435292    -260.315719
       0.435208    -260.321543
       0.435197    -260.322636
       0.434888    -260.319709
       0.436978    -260.323217
       0.440069    -260.321765
       0.436870    -260.315890
       0.435365    -260.317462
       0.435425    -260.323120
       0.435234    -260.324642
       0.435039    -260.317513
       0.435039    -259.744908
       0.434946    -259.909533
       0.434539    -259.949636
       0.434998    -259.906613
       0.434622    -259.886834
       0.434838    -259.892154
       0.430919    -259.915671
       0.432473    -259.950296
       0.430202    -260.003690
       0.436166    -260.091353
       0.428927    -260.153724
       0.426714    -260.213943
       0.426714    -260.219047
       0.423077    -260.215271
       0.422875    -260.211879
       0.422575    -260.213424
       0.422336    -260.218201
       0.425951    -260.219109
       0.425695    -260.216269
       0.427020    -260.215572
       0.428492    -260.215225
       0.428037    -260.219128
       0.427783    -260.215933
       0.427783    -259.732513
       0.420402    -259.939617
       0.417731    -259.887970
       0.417462    -259.908152
       0.421727    -259.952993
       0.425179    -260.061831
       0.427289    -260.214473
       0.430820    -260.374138
       0.427477    -260.544191
       0.433155    -260.776783
       0.439763    -261.006587
       0.434100    -261.288138
       0.435967    -261.292197
       0.433820    -261.288215
       0.433874    -261.294104
       0.434132    -261.294702
       0.434178    -261.293210
       0.434324    -261.295850
       0.434136    -261.291453
       0.434168    -261.294196
       0.435419    -261.287523
       0.433849    -261.290223
       0.433849    -260.992267
       0.433370    -262.279033
       0.434399    -262.412014
       0.431414    -262.523412
       0.432081    -262.624168
       0.431729    -262.758064
       0.427672    -263.389948
       0.427672    -263.389948
       0.428465    -261.846751
       0.428807    -261.845340
       0.425457    -261.844575
       0.425569    -261.853422
       0.425644    -261.847609
       0.426567    -261.853465
       0.426683    -261.852195
       0.426607    -261.847388
       0.425367    -261.853824
       0.425258    -261.849883
       0.425132    -261.851237
       0.437194    -259.349071
       0.447667    -259.137258
       0.454097    -259.035754
       0.450511    -258.960522
       0.445184    -258.983175
       0.446284    -259.063203
       0.445481    -259.197110
       0.440158    -259.423992
       0.443728    -259.691766
       0.433557    -259.943008
       0.439516    -260.406140
       0.439516    -260.394625
       0.440650    -260.397290
       0.440132    -260.398915
       0.439586    -260.396373
       0.438967    -260.396357
       0.441086    -260.401754
       0.440652    -260.400916
       0.440057    -260.399588
       0.444202    -260.397632
       0.446182    -260.397436
       0.445465    -260.399371
       0.445465    -258.494667
       0.448838    -259.034925
       0.447774    -258.940423
       0.444352    -258.866271
       0.441788    -258.867168
       0.442260    -259.034784
       0.436184    -259.321548
       0.435300    -259.627910
       0.428317    -260.062371
       0.428977    -261.248514
       0.428663    -261.241388
       0.425268    -261.240924
       0.424899    -261.240993
       0.427779    -261.246044
       0.427423    -261.250162
       0.427062    -261.245586
       0.426826    -261.240472
       0.426455    -261.245383
       0.423424    -261.246156
       0.423046    -261.247810
       0.423046    -260.239692
       0.423732    -260.531021
       0.424740    -260.445918
       0.421297    -260.237974
       0.424756    -260.225025
       0.428261    -260.235399
       0.430077    -260.246670
       0.428984    -260.307275
       0.422213    -260.723220
       0.421884    -260.721294
       0.419340    -260.727428
       0.421520    -260.718482
       0.421017    -260.718057
       0.422525    -260.719764
       0.419477    -260.726201
       0.418909    -260.726434
       0.418391    -260.727742
       0.417871    -260.719092
       0.418900    -260.720388
       0.418900    -259.828881
       0.416311    -259.921702
       0.414716    -259.855443
       0.417876    -259.698762
       0.417500    -259.490863
       0.425083    -259.547034
       0.418772    -259.802877
       0.417502    -260.078338
       0.417258    -260.073980
       0.417033    -260.077473
       0.416815    -260.070214
       0.420775    -260.071581
       0.420563    -260.074490
       0.420582    -260.069823
       0.420273    -260.077919
       0.422172    -260.070122
       0.424678    -260.070285
       0.424480    -260.074337
       0.424480    -259.088154
       0.420013    -259.471052
       0.422556    -259.447316
       0.432510    -259.914614
       0.432451    -259.917869
       0.430017    -259.917082
       0.435931    -259.917003
       0.435694    -259.915525
       0.435446    -259.915369
       0.435188    -259.916421
       0.436980    -259.913424
       0.437761    -259.914359
       0.437580    -259.911741
       0.437348    -259.911654
       0.437348    -259.052716
       0.417600    -260.127434
       0.413553    -260.256972
       0.411236    -260.444445
       0.407526    -260.800340
       0.408630    -261.182282
       0.408630    -261.184591
       0.408718    -261.185080
       0.410014    -261.190867
       0.406307    -261.188677
       0.406388    -261.184849
       0.405321    -261.188067
       0.407496    -261.186875
       0.407408    -261.189018
       0.410008    -261.187630
       0.412198    -261.191145
       0.413174    -261.185228
       0.413174    -260.787263
       0.418807    -261.825030
       0.420194    -261.940186
       0.422237    -262.157494
       0.425290    -262.233195
       0.425290    -262.234924
       0.429470    -262.234524
       0.429690    -262.233856
       0.431511    -262.234154
       0.430414    -262.231025
       0.430350    -262.231014
       0.432252    -262.229989
       0.427930    -262.231588
       0.426296    -262.237798
       0.426146    -262.230254
       0.428588    -262.233802
       0.428588    -261.336836
       0.427103    -262.251176
       0.431290    -262.671450
       0.431045    -263.080276
       0.432715    -263.139147
       0.432144    -263.204932
       0.417002    -264.506483
       0.417002    -264.506483
       0.419356    -262.414302
       0.419062    -262.416015
       0.418713    -262.408510
       0.421359    -262.409249
       0.420994    -262.416448
       0.422787    -262.411209
       0.422365    -262.417565
       0.421930    -262.412385
       0.421551    -262.409410
       0.420971    -262.411357
       0.420531    -262.414268
       0.426149    -261.011749
       0.426905    -260.857233
       0.426439    -260.801228
       0.426098    -260.737594
       0.424455    -260.723521
       0.420114    -260.788486
       0.417999    -260.783633
       0.417562    -260.786388
       0.417172    -260.788050
       0.416899    -260.787821
       0.416610    -260.787921
       0.416368    -260.780534
       0.416173    -260.785298
       0.416024    -260.779931
       0.415981    -260.782171
       0.418082    -260.779996
       0.418082    -259.737437
       0.412111    -260.022900
       0.421440    -260.019494
       0.426179    -259.923975
       0.433795    -259.923707
       0.437716    -259.955973
       0.440949    -260.032242
       0.434568    -260.160805
       0.440126    -260.230203
       0.432886    -260.473382
       0.434158    -260.467023
       0.434413    -260.466883
       0.434639    -260.471155
       0.443020    -260.465966
       0.445148    -260.466079
       0.445364    -260.469704
       0.445574    -260.473891
       0.450042    -260.473801
       0.450362    -260.467265
       0.450567    -260.472290
       0.450567    -259.274034
       0.441413    -259.922458
       0.446149    -259.776372
       0.446696    -259.597615
       0.442760    -259.259389
       0.443261    -259.414926
       0.441526    -259.527470
       0.447027    -259.636287
       0.443393    -259.793419
       0.454182    -260.001177
       0.451843    -260.092138
       0.454414    -260.101517
       0.454321    -260.096993
       0.450690    -260.100045
       0.450466    -260.100318
       0.450396    -260.097923
       0.454620    -260.094238
       0.454402    -260.097919
       0.455404    -260.098578
       0.455194    -260.100727
       0.455257    -260.101939
       0.455257    -259.063897
       0.457356    -259.404939
       0.451005    -259.370568
       0.449769    -259.236972
       0.446671    -259.160752
       0.443016    -259.168814
       0.439264    -259.240888
       0.440410    -259.352737
       0.434463    -259.663547
       0.438825    -259.867344
       0.438936    -259.864304
       0.439258    -259.864330
       0.439379    -259.859097
       0.439502    -259.867874
       0.439791    -259.859594
       0.439918    -259.867421
       0.440116    -259.861679
       0.440395    -259.866234
       0.440296    -259.864229
       0.440300    -259.859411
       0.440300    -258.909199
       0.436682    -259.222366
       0.436756    -259.263708
       0.446590    -259.219771
       0.444531    -259.182185
       0.455077    -259.219417
       0.456785    -259.565875
       0.457655    -259.920203
       0.451119    -260.251395
       0.450116    -260.561854
       0.451921    -260.556983
       0.452152    -260.560595
       0.455291    -260.562445
       0.455307    -260.563804
       0.455371    -260.556639
       0.455348    -260.565378
       0.458550    -260.561054
       0.455007    -260.561418
       0.454918    -260.564144
       0.454809    -260.559643
       0.454809    -259.827445
       0.459786    -260.134335
       0.465627    -260.137807
       0.467931    -260.071553
       0.462685    -260.025389
       0.461195    -260.024589
       0.462083    -260.267874
       0.455834    -260.754867
       0.465445    -261.161894
       0.450188    -261.367684
       0.450188    -261.366584
       0.450083    -261.374572
       0.449962    -261.375280
       0.448093    -261.369059
       0.447931    -261.371659
       0.455127    -261.368526
       0.454875    -261.370160
       0.452717    -261.367479
       0.452546    -261.369423
       0.452224    -261.366727
       0.449935    -261.374847
       0.449935    -260.656292
       0.454393    -261.289758
       0.454639    -261.410958
       0.460455    -261.497503
       0.460256    -261.533768
       0.456936    -261.580479
       0.450446    -261.734316
       0.441383    -261.927978
       0.442027    -262.327555
       0.443825    -262.321186
       0.443218    -262.318246
       0.442788    -262.321787
       0.442173    -262.321293
       0.437784    -262.323422
       0.437090    -262.321165
       0.436281    -262.323244
       0.435608    -262.324415
       0.437942    -262.322700
       0.438670    -262.327331
       0.438670    -261.407078
       0.435905    -262.096592
       0.431878    -262.368361
       0.434092    -262.488888
       0.427817    -262.633794
       0.428260    -262.728236
       0.433412    -262.883758
       0.433412    -262.883758
       0.427230    -262.587202
       0.427230    -262.587202
       0.417083    -262.418139
       0.416463    -262.414980
       0.418483    -262.421121
       0.417818    -262.414315
       0.417135    -262.417835
       0.416440    -262.415182
       0.415825    -262.414678
       0.415118    -262.417251
       0.414428    -262.420493
       0.413730    -262.420250
       0.413138    -262.419285
       0.413151    -260.744397
       0.412935    -260.740827
       0.413900    -260.701724
       0.415179    -260.721703
       0.416502    -260.756726
       0.419920    -260.825445
       0.419829    -260.848599
       0.422063    -260.850598
       0.421743    -260.848909
       0.421396    -260.846527
       0.421072    -260.849681
       0.420792    -260.852398
       0.420518    -260.850915
       0.421841    -260.850517
       0.421611    -260.847398
       0.421415    -260.847800
       0.423831    -260.850741
       0.423831    -259.458730
       0.421014    -259.819892
       0.419176    -259.767655
       0.419728    -259.498023
       0.422403    -259.454279
       0.427788    -259.443780
       0.425533    -259.465657
       0.422831    -259.509140
       0.426351    -259.560843
       0.425303    -259.687672
       0.420021    -259.866078
       0.417657    -259.867627
       0.417361    -259.865023
       0.417052    -259.870403
       0.416730    -259.865440
       0.416396    -259.869579
       0.416051    -259.871533
       0.418621    -259.868270
       0.418247    -259.868829
       0.418046    -259.869957
       0.417574    -259.863861
       0.417574    -258.358156
       0.416659    -258.981794
       0.413285    -258.841006
       0.413177    -258.138102
       0.415460    -258.426286
       0.406913    -258.590091
       0.415787    -258.760070
       0.418211    -258.928019
       0.417899    -258.926080
       0.417585    -258.927197
       0.420204    -258.931591
       0.419991    -258.929695
       0.419453    -258.935067
       0.421824    -258.929412
       0.421365    -258.927017
       0.421028    -258.930613
       0.420783    -258.928636
       0.420445    -258.934355
       0.420445    -257.378292
       0.423398    -257.786439
       0.431373    -257.590518
       0.428793    -257.414591
       0.428948    -257.306003
       0.428605    -257.085039
       0.429158    -257.266197
       0.425408    -257.405423
       0.425407    -257.407147
       0.422613    -257.401835
       0.422807    -257.408138
       0.416918    -257.399906
       0.414354    -257.399887
       0.414409    -257.404858
       0.420263    -257.406849
       0.420330    -257.408392
       0.420496    -257.399903
       0.420571    -257.402807
       0.420571    -256.267347
       0.423557    -256.548483
       0.430852    -256.435795
       0.430844    -256.217959
       0.433771    -256.168650
       0.432195    -256.271043
       0.438279    -256.959098
       0.434933    -257.743797
       0.429262    -257.977671
       0.430724    -257.978692
       0.430650    -257.982135
       0.433645    -257.987075
       0.433657    -257.985492
       0.435264    -257.984838
       0.441230    -257.985555
       0.439239    -257.982326
       0.441146    -257.983177
       0.444567    -257.982001
       0.444484    -257.978595
       0.444484    -257.033834
       0.433559    -257.573375
       0.428869    -257.704829
       0.429826    -257.987158
       0.423973    -258.146549
       0.428914    -258.304779
       0.429001    -258.482369
       0.424545    -258.963900
       0.424759    -259.206395
       0.424822    -259.206336
       0.424985    -259.204772
       0.423866    -259.203569
       0.423641    -259.210554
       0.423663    -259.207839
       0.422102    -259.208493
       0.422065    -259.211729
       0.422071    -259.209282
       0.423216    -259.208905
       0.425666    -259.209782
       0.425666    -258.317108
       0.423478    -259.008433
       0.435012    -259.019647
       0.428772    -259.012838
       0.426269    -259.192852
       0.424049    -259.332520
       0.418680    -260.139949
       0.428838    -260.475720
       0.428838    -260.475138
       0.426289    -260.474832
       0.426433    -260.481183
       0.428945    -260.477754
       0.426584    -260.476789
       0.426773    -260.472753
       0.426932    -260.478732
       0.427047    -260.479789
       0.427190    -260.481481
       0.427276    -260.478901
       0.431252    -260.479721
       0.431252    -259.055978
       0.428126    -260.656168
       0.427989    -261.167357
       0.422832    -261.337028
       0.428396    -261.503110
       0.427131    -261.582006
       0.419196    -262.437353
       0.419196    -262.437353
       0.417331    -264.466361
       0.417331    -264.466361
       0.415274    -262.666904
       0.415389    -262.666751
       0.415610    -262.669767
       0.415724    -262.666025
       0.415796    -262.669908
       0.412593    -262.672911
       0.412604    -262.665809
       0.412770    -262.667018
       0.410515    -262.668348
       0.410597    -262.671911
       0.410564    -262.671418
       0.419571    -260.196096
       0.422596    -260.271378
       0.427813    -260.071397
       0.429975    -260.259758
       0.430573    -260.595570
       0.423643    -260.753165
       0.423436    -260.894603
       0.425264    -261.037105
       0.427703    -261.208332
       0.427703    -261.192458
       0.428913    -261.191515
       0.428651    -261.197995
       0.428396    -261.194802
       0.428147    -261.193399
       0.430499    -261.193633
       0.430479    -261.194433
       0.430246    -261.195052
       0.430097    -261.198888
       0.428279    -261.193216
       0.428066    -261.193877
       0.428066    -258.593924
       0.428872    -259.251958
       0.424082    -259.294328
       0.432092    -259.058798
       0.440116    -258.490942
       0.437963    -258.638508
       0.432441    -258.738483
       0.433679    -258.789763
       0.438865    -258.990562
       0.435937    -259.057772
       0.435937    -259.055986
       0.435564    -259.052659
       0.430654    -259.060204
       0.427994    -259.056140
       0.427716    -259.061263
       0.427598    -259.051783
       0.427381    -259.052257
       0.426011    -259.056801
       0.425858    -259.059610
       0.425738    -259.060818
       0.427367    -259.051812
       0.427367    -258.497077
       0.428127    -259.384543
       0.428866    -259.492565
       0.422476    -259.600931
       0.424452    -259.842661
       0.424452    -259.858018
       0.425023    -259.852385
       0.425759    -259.850909
       0.426386    -259.853414
       0.427038    -259.852632
       0.427713    -259.856145
       0.422238    -259.850430
       0.422806    -259.855142
       0.423510    -259.852716
       0.419279    -259.848823
       0.417433    -259.852430
       0.417433    -260.694758
       0.417595    -260.917521
       0.418211    -260.924568
       0.418840    -260.922309
       0.419481    -260.919734
       0.418752    -260.924148
       0.419399    -260.922417
       0.420033    -260.920639
       0.418256    -260.918672
       0.418902    -260.918073
       0.419545    -260.921628
       0.417311    -260.923242
       0.417311    -260.754637
       0.419771    -261.549810
       0.429141    -261.546320
       0.435962    -261.559706
       0.434129    -261.582583
       0.437184    -261.664672
       0.435189    -261.789172
       0.438218    -261.894082
       0.438901    -262.011920
       0.434018    -262.016871
       0.434054    -262.011628
       0.434045    -262.009774
       0.433823    -262.016753
       0.433909    -262.017594
       0.431981    -262.012726
       0.431533    -262.017758
       0.429021    -262.015725
       0.428951    -262.010460
       0.430524    -262.019253
       0.430524    -260.842463
       0.428451    -261.362359
       0.430698    -261.343390
       0.432549    -261.260059
       0.433310    -261.176061
       0.435416    -261.054241
       0.434506    -261.044502
       0.437022    -261.092371
       0.434995    -261.182791
       0.440050    -261.257048
       0.432466    -261.326279
       0.435765    -261.322287
       0.443772    -261.327178
       0.445935    -261.324359
       0.445737    -261.329065
       0.444542    -261.328413
       0.444397    -261.323440
       0.444184    -261.325226
       0.446951    -261.321706
       0.446729    -261.321244
       0.444166    -261.330002
       0.444166    -260.290705
       0.435918    -260.886841
       0.434224    -260.827965
       0.442832    -260.832773
       0.441464    -260.877966
       0.442539    -260.955008
       0.441026    -261.020325
       0.425778    -261.114679
       0.430801    -261.213661
       0.426858    -261.325949
       0.426858    -261.326396
       0.423648    -261.327379
       0.419976    -261.328237
       0.419861    -261.324395
       0.419348    -261.326147
       0.420802    -261.324995
       0.420730    -261.324262
       0.420695    -261.331830
       0.420606    -261.333023
       0.422142    -261.328836
       0.421924    -261.325543
       0.421924    -260.634789
       0.421431    -261.279043
       0.425797    -261.435122
       0.425934    -261.521242
       0.428850    -261.670121
       0.430210    -261.849424
       0.424794    -262.639293
       0.424794    -262.639293
       0.415683    -265.069321
       0.415683    -265.069321
       0.418124    -262.128040
       0.420181    -262.119868
       0.420329    -262.128290
       0.420608    -262.121483
       0.420870    -262.122362
       0.420964    -262.121027
       0.422399    -262.127000
       0.424898    -262.120060
       0.427410    -262.120829
       0.427553    -262.120810
       0.427712    -262.121389
       0.431590    -260.300815
       0.435189    -260.470943
       0.435117    -260.444718
       0.436230    -260.360278
       0.439897    -260.258798
       0.438176    -260.297648
       0.435588    -260.418680
       0.436466    -260.500078
       0.433492    -260.639507
       0.433492    -260.625645
       0.433383    -260.627785
       0.433638    -260.627265
       0.435129    -260.628564
       0.435073    -260.626729
       0.434998    -260.631500
       0.434832    -260.632395
       0.434714    -260.627755
       0.440676    -260.633536
       0.440511    -260.634398
       0.440460    -260.635281
       0.440460    -258.221684
       0.439307    -259.550546
       0.438492    -259.810294
       0.440511    -259.641220
       0.437778    -259.538914
       0.435419    -259.455458
       0.435795    -259.395757
       0.437946    -259.340029
       0.440287    -259.525522
       0.440708    -259.640026
       0.440422    -259.640120
       0.442861    -259.636981
       0.442540    -259.635944
       0.442210    -259.638560
       0.443582    -259.633977
       0.445726    -259.641978
       0.447889    -259.638847
       0.447560    -259.638909
       0.447052    -259.635921
       0.445535    -259.640385
       0.445535    -257.995045
       0.444284    -258.789977
       0.447748    -258.921113
       0.424135    -258.837819
       0.425643    -258.796551
       0.431770    -258.748373
       0.432695    -258.750849
       0.418624    -258.963538
       0.421854    -259.304672
       0.421854    -259.302852
       0.421524    -259.304748
       0.421304    -259.306716
       0.421095    -259.302452
       0.423100    -259.306026
       0.422908    -259.307394
       0.424473    -259.305936
       0.420497    -259.301268
       0.420327    -259.299529
       0.422785    -259.304086
       0.422636    -259.298696
       0.422636    -258.225504
       0.431930    -259.325212
       0.430008    -259.497698
       0.427528    -259.524072
       0.430598    -259.570053
       0.437134    -259.662744
       0.440492    -259.793294
       0.435343    -259.908713
       0.435351    -260.064278
       0.431097    -260.247057
       0.431097    -260.251789
       0.431123    -260.248743
       0.431132    -260.250753
       0.431019    -260.246585
       0.430994    -260.249846
       0.430950    -260.252127
       0.429116    -260.251755
       0.431178    -260.250618
       0.428174    -260.245052
       0.428051    -260.250578
       0.427928    -260.251950
       0.427928    -259.281823
       0.431624    -259.883732
       0.432866    -260.105270
       0.432015    -260.099976
       0.431839    -260.035403
       0.433965    -259.953438
       0.430593    -259.945346
       0.433519    -259.993634
       0.433423    -260.080177
       0.438864    -260.197850
       0.444446    -260.493064
       0.441845    -260.868313
       0.441615    -260.875586
       0.441354    -260.867777
       0.441254    -260.872681
       0.443450    -260.873839
       0.443152    -260.867216
       0.442840    -260.866873
       0.442512    -260.871175
       0.444051    -260.867701
       0.446235    -260.869638
       0.445856    -260.868026
       0.445856    -260.426702
       0.442433    -260.899517
       0.449129    -260.932218
       0.446687    -260.951705
       0.440163    -261.006855
       0.440433    -261.043795
       0.437421    -261.074176
       0.438948    -261.068217
       0.438916    -261.069360
       0.435823    -261.067521
       0.435642    -261.072203
       0.435672    -261.072050
       0.435808    -261.069610
       0.435718    -261.067337
       0.434470    -261.070298
       0.434537    -261.069299
       0.434614    -261.072426
       0.434614    -260.296501
       0.433749    -260.707776
       0.431846    -260.783024
       0.436135    -260.700650
       0.436835    -260.652048
       0.437808    -260.615975
       0.435332    -260.582589
       0.437922    -260.576808
       0.436734    -260.633625
       0.436734    -260.638550
       0.437035    -260.636813
       0.435595    -260.630850
       0.435826    -260.634132
       0.439249    -260.630998
       0.442767    -260.640352
       0.443008    -260.639006
       0.443141    -260.635975
       0.447046    -260.635500
       0.447512    -260.634438
       0.446409    -260.639846
       0.446409    -260.128960
       0.447391    -260.400949
       0.442454    -260.598032
       0.435044    -260.740801
       0.438014    -260.854873
       0.440283    -261.003627
       0.426441    -262.056612
       0.426441    -262.056612
       0.416828    -265.012848
       0.416828    -265.012848
       0.421022    -262.818978
       0.420868    -262.825314
       0.417959    -262.822871
       0.417924    -262.825455
       0.417987    -262.816967
       0.418042    -262.822274
       0.418029    -262.821704
       0.420300    -262.825465
       0.420301    -262.821891
       0.422059    -262.817495
       0.422025    -262.817093
       0.422256    -263.796281
       0.426267    -263.732321
       0.426854    -263.636317
       0.431113    -263.571634
       0.429397    -263.586928
       0.429397    -263.589187
       0.429649    -263.588350
       0.432020    -263.586397
       0.432143    -263.581969
       0.432272    -263.589469
       0.432467    -263.591204
       0.432648    -263.581552
       0.432815    -263.586625
       0.432766    -263.582793
       0.432902    -263.582370
       0.433023    -263.585044
       0.433023    -262.672467
       0.436346    -263.295256
       0.430450    -263.274747
       0.429910    -263.185598
       0.429042    -263.104447
       0.432912    -263.052360
       0.433622    -263.002239
       0.439689    -263.020493
       0.436804    -263.032014
       0.437247    -263.054253
       0.435727    -263.092838
       0.439125    -263.098061
       0.438991    -263.097992
       0.438887    -263.094897
       0.438799    -263.094795
       0.438618    -263.094820
       0.436608    -263.094584
       0.436443    -263.089746
       0.438096    -263.098459
       0.437902    -263.096788
       0.437666    -263.099325
       0.437666    -262.377901
       0.434387    -262.653770
       0.436037    -262.644647
       0.434818    -262.606344
       0.436399    -262.528223
       0.439246    -262.465421
       0.436957    -262.426695
       0.439229    -262.398653
       0.437155    -262.396087
       0.438587    -262.399943
       0.438429    -262.397424
       0.438257    -262.398734
       0.438071    -262.405910
       0.437871    -262.396141
       0.440051    -262.399402
       0.442941    -262.405097
       0.442630    -262.405206
       0.442378    -262.402991
       0.441611    -262.402200
       0.441611    -261.176093
       0.437361    -261.295015
       0.433473    -261.201980
       0.433982    -260.971923
       0.429170    -260.795847
       0.425060    -260.683499
       0.425539    -260.608350
       0.427936    -260.601686
       0.426881    -260.761974
       0.423181    -260.947962
       0.423181    -260.948438
       0.427247    -260.949848
       0.426975    -260.949971
       0.426738    -260.949657
       0.426494    -260.943611
       0.426435    -260.943753
       0.424088    -260.949750
       0.423886    -260.944375
       0.423615    -260.943942
       0.423463    -260.941732
       0.423226    -260.942492
       0.423226    -259.653649
       0.424439    -259.811153
       0.430643    -259.645526
       0.430525    -259.504598
       0.432132    -259.402712
       0.431070    -259.293502
       0.428037    -259.288156
       0.420770    -259.358086
       0.422641    -260.000665
       0.418210    -259.995657
       0.416396    -259.999880
       0.417866    -259.999859
       0.417463    -259.995296
       0.417186    -259.993109
       0.418736    -259.995264
       0.418436    -259.998196
       0.418122    -260.001557
       0.419762    -259.995174
       0.421584    -259.999436
       0.421584    -258.766357
       0.418546    -259.027686
       0.418019    -258.924583
       0.421669    -258.691121
       0.421515    -258.531071
       0.422050    -258.876616
       0.421916    -258.876043
       0.421617    -258.876544
       0.418270    -258.879132
       0.418006    -258.873574
       0.417661    -258.874417
       0.415593    -258.876035
       0.415313    -258.873295
       0.415030    -258.879500
       0.414745    -258.882268
       0.414458    -258.875668
       0.414458    -256.872943
       0.422681    -257.172786
       0.423012    -257.067865
       0.424812    -256.807551
       0.426962    -256.610456
       0.422510    -256.598747
       0.420704    -256.807193
       0.417532    -257.248138
       0.417463    -257.397991
       0.421016    -257.396994
       0.420925    -257.397536
       0.422417    -257.392882
       0.422371    -257.394362
       0.422254    -257.396542
       0.422128    -257.393287
       0.426442    -257.401311
       0.426298    -257.401344
       0.426439    -257.393782
       0.429459    -257.398246
       0.429459    -255.988487
       0.426645    -256.772419
       0.424905    -257.349560
       0.420356    -257.858488
       0.418010    -258.264427
       0.424228    -258.790134
       0.421924    -261.947447
       0.421924    -261.947447
       0.416170    -261.955396
       0.416170    -261.955396
       0.415381    -263.107552
       0.415490    -263.106567
       0.415677    -263.110107
       0.417940    -263.107966
       0.417886    -263.102854
       0.417978    -263.107484
       0.418086    -263.109334
       0.418182    -263.109018
       0.418464    -263.107544
       0.415280    -263.112061
       0.415229    -263.108735
       0.413917    -260.938367
       0.416682    -260.556061
       0.414337    -260.257251
       0.415341    -259.968802
       0.415958    -259.916911
       0.414738    -260.089397
       0.423377    -260.458073
       0.423254    -261.053035
       0.415454    -261.653545
       0.416467    -262.028529
       0.416467    -262.026666
       0.416577    -262.026460
       0.416401    -262.020596
       0.414521    -262.019605
       0.414452    -262.017245
       0.414233    -262.020575
       0.415479    -262.018878
       0.415204    -262.017583
       0.412336    -262.019502
       0.411841    -262.025711
       0.414110    -262.018556
       0.414110    -260.167506
       0.419233    -261.415479
       0.419862    -261.599905
       0.421702    -261.620109
       0.417283    -261.223646
       0.416943    -261.382499
       0.417111    -261.511327
       0.412970    -261.671646
       0.410763    -261.800732
       0.411662    -261.935974
       0.411619    -261.934688
       0.411491    -261.936994
       0.414077    -261.939196
       0.416485    -261.933101
       0.416354    -261.941579
       0.418807    -261.932475
       0.418668    -261.942061
       0.418533    -261.941136
       0.421241    -261.936437
       0.421077    -261.939701
       0.421077    -260.365753
       0.422654    -261.221900
       0.426850    -261.365132
       0.426442    -261.357317
       0.429878    -261.211353
       0.430158    -261.116026
       0.428855    -261.162082
       0.429004    -261.293102
       0.426519    -261.387727
       0.426519    -261.389548
       0.426406    -261.386823
       0.429668    -261.391504
       0.432745    -261.391131
       0.437263    -261.383214
       0.439591    -261.386991
       0.439277    -261.384099
       0.435992    -261.390922
       0.435573    -261.386765
       0.439781    -261.388293
       0.432490    -261.387662
       0.432490    -260.407135
       0.430938    -260.995136
       0.433591    -260.946254
       0.435252    -260.915236
       0.432834    -260.901440
       0.434559    -260.938072
       0.444634    -261.176008
       0.431980    -261.710335
       0.429210    -262.027196
       0.429350    -262.025784
       0.430534    -262.029532
       0.433372    -262.029378
       0.433124    -262.026018
       0.431518    -262.025909
       0.431361    -262.026019
       0.433922    -262.026645
       0.433610    -262.029522
       0.433156    -262.024342
       0.431841    -262.028881
       0.431841    -260.784446
       0.435812    -261.155890
       0.434006    -261.087675
       0.435734    -260.949558
       0.428413    -260.785152
       0.437455    -260.752062
       0.427310    -261.109776
       0.427193    -261.109474
       0.427104    -261.117498
       0.427002    -261.108910
       0.427962    -261.115055
       0.427889    -261.115849
       0.427750    -261.115997
       0.426223    -261.113897
       0.426191    -261.117061
       0.426004    -261.117844
       0.422423    -261.111872
       0.422423    -259.594370
       0.424698    -259.900447
       0.426041    -259.763281
       0.434452    -259.575279
       0.437602    -259.467830
       0.440957    -259.427224
       0.442142    -259.573612
       0.437431    -259.781681
       0.437663    -259.780615
       0.439453    -259.783782
       0.439881    -259.787114
       0.438994    -259.786807
       0.439227    -259.785010
       0.439452    -259.785178
       0.441925    -259.785307
       0.442122    -259.784391
       0.439632    -259.786523
       0.439798    -259.785068
       0.439798    -259.046409
       0.432504    -259.612378
       0.437730    -259.643366
       0.449375    -259.667146
       0.445638    -259.805330
       0.444991    -260.048165
       0.444919    -260.046674
       0.444771    -260.046822
       0.444666    -260.045095
       0.444400    -260.047927
       0.444110    -260.044801
       0.444101    -260.039366
       0.443937    -260.040161
       0.443891    -260.047213
       0.443698    -260.042814
       0.442253    -260.048338
       0.442253    -258.852557
       0.444882    -259.364750
       0.444465    -259.688571
       0.444268    -259.880925
       0.447931    -260.163810
       0.452576    -260.373408
       0.426718    -263.869712
       0.426718    -263.869712
       0.429427    -264.064837
       0.429427    -264.064837
       0.422471    -263.005102
       0.421852    -263.000853
       0.424304    -263.002633
       0.423660    -263.003985
       0.425048    -263.008851
       0.428092    -263.001457
       0.429396    -263.008017
       0.434060    -263.005619
       0.436799    -263.000434
       0.444820    -263.003043
       0.453456    -263.005325
       0.474487    -256.350537
       0.475453    -256.273926
       0.477993    -256.460743
       0.464470    -256.762284
       0.470910    -257.087653
       0.468334    -257.307413
       0.475725    -257.447153
       0.467559    -257.477449
       0.455156    -257.446444
       0.458506    -257.405957
       0.463438    -257.405652
       0.463087    -257.401895
       0.462992    -257.409087
       0.464696    -257.402098
       0.465565    -257.405173
       0.465513    -257.409591
       0.466743    -257.404577
       0.479718    -257.409226
       0.486434    -257.407661
       0.485850    -257.409500
       0.485850    -253.662356
       0.487967    -254.142198
       0.477558    -254.160375
       0.473153    -254.029902
       0.473077    -253.967982
       0.478500    -253.934218
       0.481785    -253.932378
       0.477692    -253.961549
       0.474967    -254.001093
       0.479337    -254.060764
       0.474802    -254.166078
       0.475249    -254.319233
       0.475348    -254.477927
       0.475348    -254.466712
       0.476766    -254.468253
       0.476409    -254.463051
       0.480068    -254.460251
       0.483558    -254.462850
       0.481137    -254.465681
       0.482765    -254.461902
       0.482965    -254.468065
       0.482581    -254.463330
       0.484694    -254.465231
       0.487528    -254.464882
       0.487528    -252.035732
       0.469054    -253.730167
       0.468212    -254.421822
       0.468021    -254.875595
       0.469029    -254.889755
       0.473620    -254.801857
       0.472655    -254.501381
       0.473453    -254.393042
       0.472167    -254.469961
       0.472167    -254.469224
       0.471918    -254.471531
       0.471592    -254.467584
       0.471368    -254.473489
       0.470952    -254.465011
       0.470622    -254.471919
       0.468483    -254.469100
       0.468085    -254.471685
       0.467575    -254.465462
       0.470611    -254.472905
       0.471649    -254.471601
       0.471649    -253.583294
       0.453979    -255.125941
       0.445283    -255.312914
       0.439012    -255.246995
       0.440069    -255.191874
       0.444277    -255.076393
       0.438141    -255.020731
       0.445431    -255.093951
       0.445633    -255.161902
       0.444915    -255.159049
       0.444030    -255.162265
       0.446130    -255.164600
       0.445528    -255.167230
       0.444928    -255.158939
       0.444315    -255.161950
       0.443707    -255.164314
       0.443155    -255.161305
       0.442582    -255.162657
       0.441900    -255.163930
       0.441900    -253.214996
       0.436374    -254.179743
       0.436847    -254.441643
       0.443979    -254.445893
       0.443587    -254.204530
       0.443299    -253.971546
       0.441704    -253.812544
       0.440747    -253.631160
       0.435283    -253.637965
       0.436852    -253.991691
       0.436670    -253.988659
       0.437633    -253.984815
       0.444151    -253.989070
       0.446099    -253.986556
       0.448929    -253.991036
       0.445978    -253.987818
       0.443423    -253.987664
       0.443157    -253.989031
       0.447269    -253.990623
       0.446968    -253.991695
       0.446968    -252.143325
       0.436881    -253.110533
       0.435755    -253.277839
       0.436475    -253.252269
       0.437808    -252.999267
       0.436986    -252.810488
       0.440080    -252.648947
       0.436219    -252.619557
       0.437573    -253.081415
       0.437573    -253.077917
       0.440513    -253.075117
       0.443880    -253.070048
       0.445962    -253.069024
       0.445338    -253.075705
       0.447480    -253.078105
       0.453710    -253.076734
       0.452850    -253.069288
       0.452148    -253.073280
       0.451517    -253.073232
       0.452096    -253.077554
       0.452096    -251.305116
       0.443740    -252.079261
       0.433611    -252.192353
       0.431429    -252.155437
       0.432258    -251.934032
       0.434482    -251.815837
       0.432277    -251.956377
       0.434410    -252.241052
       0.435635    -252.447146
       0.429823    -252.600362
       0.429541    -252.596324
       0.430814    -252.597137
       0.430484    -252.597844
       0.430021    -252.595515
       0.429714    -252.597189
       0.434553    -252.603164
       0.434058    -252.602410
       0.433727    -252.601210
       0.433259    -252.595834
       0.432917    -252.596960
       0.432917    -251.940644
       0.424556    -252.829444
       0.425682    -253.185368
       0.420265    -253.651076
       0.422842    -254.097420
       0.429931    -254.510963
       0.423869    -264.124654
       0.423869    -264.124654
       0.428423    -263.947070
       0.428423    -263.947070
       0.414234    -263.241801
       0.414077    -263.251489
       0.410619    -263.247377
       0.410286    -263.244051
       0.410113    -263.249113
       0.409913    -263.246669
       0.409706    -263.243884
       0.412532    -263.241893
       0.412377    -263.245431
       0.412147    -263.243850
       0.411836    -263.249850
       0.420909    -261.318154
       0.421191    -261.329824
       0.420348    -261.236276
       0.413155    -261.213667
       0.417919    -261.228818
       0.419307    -261.289046
       0.418181    -261.379769
       0.413987    -261.534642
       0.415835    -261.700775
       0.413667    -262.142238
       0.414639    -262.332762
       0.414562    -262.328693
       0.414423    -262.330308
       0.414282    -262.327971
       0.416520    -262.325804
       0.419295    -262.329109
       0.419141    -262.327744
       0.418946    -262.333673
       0.420528    -262.333212
       0.423445    -262.328783
       0.423293    -262.333698
       0.423293    -261.066898
       0.416848    -261.862574
       0.423662    -261.952261
       0.413554    -261.921126
       0.410480    -261.978266
       0.411833    -262.164573
       0.415982    -262.241012
       0.415062    -262.304017
       0.414921    -262.309149
       0.414769    -262.307172
       0.414608    -262.308693
       0.414437    -262.302006
       0.414172    -262.302693
       0.414047    -262.304994
       0.417526    -262.302561
       0.419937    -262.307208
       0.419715    -262.310384
       0.422420    -262.309051
       0.422420    -261.114622
       0.425932    -261.214638
       0.425900    -261.089762
       0.432683    -260.682711
       0.430461    -260.806216
       0.431985    -260.977474
       0.421050    -261.101463
       0.423673    -261.396128
       0.423868    -261.485024
       0.423596    -261.482612
       0.423351    -261.483370
       0.423054    -261.482171
       0.422856    -261.479820
       0.422557    -261.484333
       0.422301    -261.485016
       0.425104    -261.480421
       0.424740    -261.481238
       0.424360    -261.488151
       0.424023    -261.488259
       0.424023    -260.817939
       0.437033    -261.588900
       0.422882    -261.700860
       0.429081    -261.988372
       0.432463    -262.191232
       0.423115    -262.530887
       0.423115    -262.528767
       0.422807    -262.530560
       0.422496    -262.527370
       0.422234    -262.533924
       0.420406    -262.532449
       0.424035    -262.529316
       0.421599    -262.533308
       0.421457    -262.527937
       0.421223    -262.530574
       0.421038    -262.535468
       0.422316    -262.536791
       0.422316    -261.468719
       0.425806    -261.682704
       0.429776    -261.443355
       0.438111    -261.324084
       0.429019    -261.202372
       0.425055    -261.221554
       0.427129    -261.514742
       0.429934    -261.514452
       0.431149    -261.508049
       0.431338    -261.507611
       0.431352    -261.513193
       0.429601    -261.509273
       0.429608    -261.511210
       0.429603    -261.510042
       0.429595    -261.507675
       0.432501    -261.514354
       0.430684    -261.511675
       0.430684    -260.470296
       0.428302    -260.754783
       0.425772    -260.728412
       0.427624    -260.677782
       0.435519    -260.577061
       0.433457    -260.810589
       0.436148    -260.939243
       0.442099    -261.132242
       0.442099    -261.135934
       0.442271    -261.129767
       0.442436    -261.135018
       0.440120    -261.135853
       0.440270    -261.132961
       0.437669    -261.136656
       0.439050    -261.128910
       0.439178    -261.133452
       0.439168    -261.131627
       0.441455    -261.128062
       0.439743    -261.127696
       0.439743    -259.940987
       0.450139    -260.559334
       0.450258    -260.499394
       0.459853    -260.415952
       0.451457    -260.385013
       0.455404    -260.364877
       0.446496    -260.483920
       0.434687    -260.684161
       0.432361    -260.772691
       0.423774    -260.857056
       0.422094    -260.988592
       0.421904    -261.116195
       0.421904    -261.118012
       0.424340    -261.122592
       0.424264    -261.119942
       0.425526    -261.119516
       0.425291    -261.119197
       0.422309    -261.114452
       0.422410    -261.120163
       0.422230    -261.122225
       0.422063    -261.119028
       0.423364    -261.114510
       0.425630    -261.114449
       0.425630    -260.340407
       0.432422    -261.041005
       0.433395    -261.227510
       0.430837    -261.403317
       0.434895    -261.613208
       0.436695    -261.773719
       0.419155    -262.444149
       0.435847    -262.511847
       0.435847    -262.511847
       0.414884    -263.356971
       0.414939    -263.357939
       0.414884    -263.361715
       0.414995    -263.359294
       0.412267    -263.360679
       0.414622    -263.360489
       0.414720    -263.358273
       0.414811    -263.361877
       0.418115    -263.359946
       0.418155    -263.366788
       0.418150    -263.357907
       0.438462    -261.358164
       0.435087    -261.181517
       0.434906    -261.142159
       0.437966    -261.192507
       0.442843    -261.358934
       0.439101    -261.455431
       0.442244    -261.588197
       0.445581    -261.689956
       0.438030    -261.787359
       0.437428    -261.864409
       0.437077    -261.857626
       0.436331    -261.861674
       0.435859    -261.857214
       0.437220    -261.863447
       0.436725    -261.860687
       0.434603    -261.857513
       0.431890    -261.858459
       0.431347    -261.857001
       0.427869    -261.862014
       0.429859    -261.860650
       0.429859    -259.784554
       0.438732    -260.423579
       0.437191    -260.412108
       0.435037    -260.207214
       0.436706    -259.920188
       0.437511    -259.854289
       0.439621    -259.809527
       0.437419    -259.790117
       0.433436    -259.809058
       0.419448    -259.944555
       0.414279    -260.071891
       0.413632    -260.069404
       0.412993    -260.070059
       0.412495    -260.071456
       0.411878    -260.070106
       0.413279    -260.070913
       0.412627    -260.071469
       0.412002    -260.070981
       0.411539    -260.068264
       0.410977    -260.069316
       0.410429    -260.073601
       0.410429    -258.747778
       0.412660    -259.126645
       0.415830    -259.207836
       0.417155    -259.135134
       0.418624    -259.095056
       0.420747    -259.140199
       0.420249    -259.325746
       0.419135    -259.542300
       0.423394    -259.737101
       0.423140    -259.868927
       0.417835    -260.352047
       0.418041    -260.350914
       0.414607    -260.356008
       0.414815    -260.358789
       0.415024    -260.357379
       0.415235    -260.358321
       0.415527    -260.357806
       0.416069    -260.357642
       0.416279    -260.352690
       0.415108    -260.351805
       0.415315    -260.349812
       0.415315    -259.607528
       0.418340    -259.868717
       0.420592    -259.849228
       0.413951    -259.633786
       0.415712    -259.586289
       0.415977    -259.573483
       0.417700    -259.596483
       0.418407    -259.635751
       0.417284    -259.669609
       0.417915    -259.727101
       0.418722    -259.809775
       0.420438    -259.905789
       0.419345    -260.224064
       0.419585    -260.218748
       0.421403    -260.225238
       0.421854    -260.218506
       0.422112    -260.226448
       0.424953    -260.222856
       0.425201    -260.219734
       0.421888    -260.220252
       0.419847    -260.223304
       0.418302    -260.217540
       0.418565    -260.225655
       0.418565    -259.521380
       0.422532    -260.077418
       0.419150    -260.122138
       0.426454    -260.080180
       0.424010    -260.083214
       0.421747    -260.153303
       0.421467    -260.321649
       0.421467    -260.320187
       0.421661    -260.325832
       0.421702    -260.321519
       0.421716    -260.324812
       0.421746    -260.323758
       0.420007    -260.322817
       0.419933    -260.323773
       0.422267    -260.317726
       0.422148    -260.324593
       0.424949    -260.326307
       0.424771    -260.321462
       0.424771    -259.532237
       0.419695    -260.242383
       0.417495    -260.313266
       0.418726    -260.439874
       0.420381    -260.634689
       0.420301    -260.953226
       0.422928    -261.265685
       0.422147    -261.453217
       0.422147    -261.453730
       0.421946    -261.460993
       0.417231    -261.451934
       0.417163    -261.461169
       0.416966    -261.460836
       0.416773    -261.452393
       0.416572    -261.456186
       0.419611    -261.456168
       0.424312    -261.452413
       0.424277    -261.454731
       0.424313    -261.456522
       0.424313    -260.679211
       0.417395    -261.187611
       0.423058    -261.171912
       0.417643    -261.087640
       0.417636    -261.068294
       0.421394    -261.074430
       0.421975    -261.165557
       0.418648    -261.321037
       0.420116    -261.631718
       0.420146    -261.626310
       0.423622    -261.628878
       0.423642    -261.624546
       0.423660    -261.627412
       0.423645    -261.624974
       0.423732    -261.627951
       0.426820    -261.625313
       0.426981    -261.632889
       0.425377    -261.628720
       0.425372    -261.628322
       0.425372    -260.937456
       0.422855    -261.410668
       0.422917    -261.551608
       0.423058    -261.635441
       0.423194    -261.728387
       0.420094    -261.822815
       0.415710    -264.347277
       0.415710    -264.347277
       0.414022    -265.038300
       0.414022    -265.038300
       0.413900    -263.224338
       0.411599    -263.223734
       0.411716    -263.231226
       0.411830    -263.230482
       0.412028    -263.223940
       0.412377    -263.232111
       0.413062    -263.229936
       0.413371    -263.226167
       0.415570    -263.225439
       0.415679    -263.223157
       0.414058    -263.228447
       0.427977    -259.301738
       0.426383    -258.599735
       0.424660    -258.405831
       0.426552    -258.234505
       0.424512    -258.157154
       0.430425    -258.132280
       0.438862    -258.174052
       0.441140    -258.257982
       0.431358    -258.477261
       0.426591    -258.903856
       0.426591    -258.897312
       0.426177    -258.889797
       0.428919    -258.898600
       0.428830    -258.897411
       0.431245    -258.895949
       0.429251    -258.892356
       0.429151    -258.896552
       0.429122    -258.899038
       0.429036    -258.897044
       0.430334    -258.898779
       0.430307    -258.894530
       0.430307    -257.073023
       0.431377    -258.191528
       0.431952    -258.582259
       0.437725    -258.770011
       0.448777    -258.859380
       0.450631    -259.069284
       0.460916    -259.380371
       0.448970    -259.691226
       0.447510    -259.925258
       0.447510    -259.931642
       0.445155    -259.931187
       0.445150    -259.927972
       0.442373    -259.929413
       0.445253    -259.929438
       0.443085    -259.927162
       0.442940    -259.929311
       0.442739    -259.924409
       0.440865    -259.922103
       0.442984    -259.927994
       0.442582    -259.929364
       0.442582    -259.210087
       0.445007    -259.827329
       0.444663    -260.212719
       0.440166    -260.163537
       0.439489    -260.363833
       0.442403    -260.521086
       0.440255    -260.800866
       0.434720    -261.060904
       0.434720    -261.060347
       0.434474    -261.064944
       0.434204    -261.066918
       0.433889    -261.065312
       0.432501    -261.068670
       0.435985    -261.064812
       0.437557    -261.070115
       0.437196    -261.063987
       0.435798    -261.060515
       0.435566    -261.063214
       0.435814    -261.067550
       0.435814    -260.352465
       0.437925    -260.966182
       0.433357    -261.077466
       0.433433    -260.876443
       0.433147    -260.971109
       0.433884    -261.158610
       0.446036    -261.257199
       0.448305    -261.316857
       0.438068    -261.394062
       0.441094    -261.466268
       0.431020    -261.541670
       0.431020    -261.548015
       0.430724    -261.540854
       0.430426    -261.544069
       0.430127    -261.545734
       0.433914    -261.544363
       0.430695    -261.540461
       0.430380    -261.544215
       0.434803    -261.539562
       0.436353    -261.548607
       0.436032    -261.541699
       0.435552    -261.540033
       0.435552    -260.725879
       0.432028    -261.022259
       0.431780    -260.987257
       0.437750    -261.001454
       0.441100    -260.753713
       0.429017    -261.633589
       0.431393    -261.636146
       0.426955    -261.635566
       0.426904    -261.628574
       0.426853    -261.629080
       0.426707    -261.637208
       0.426656    -261.629482
       0.429919    -261.633313
       0.429815    -261.633749
       0.428262    -261.630665
       0.428159    -261.632819
       0.428159    -260.482108
       0.423333    -260.953637
       0.415121    -260.614106
       0.406008    -261.197192
       0.401063    -262.003303
       0.404686    -262.181932
       0.401413    -262.174875
       0.401523    -262.176975
       0.402926    -262.178250
       0.403092    -262.173685
       0.402592    -262.179461
       0.402758    -262.178923
       0.402932    -262.179205
       0.403112    -262.174656
       0.399700    -262.175120
       0.399863    -262.182038
       0.399863    -260.921300
       0.416027    -261.329072
       0.428929    -262.153491
       0.428929    -262.153115
       0.429289    -262.155670
       0.429284    -262.152747
       0.429615    -262.158181
       0.429935    -262.151668
       0.423709    -262.150343
       0.423995    -262.157903
       0.424027    -262.158410
       0.419088    -262.151260
       0.421570    -262.156285
       0.423626    -262.151559
       0.423626    -261.159086
       0.421659    -261.987818
       0.422873    -262.405749
       0.428268    -262.786467
       0.424957    -262.970831
       0.424806    -263.216753
       0.409654    -264.014552
       0.409654    -264.014552
       0.413918    -265.057045
       0.413918    -265.057045
       0.430452    -263.356713
       0.434492    -263.351651
       0.435956    -263.359661
       0.435347    -263.352097
       0.434842    -263.358294
       0.434333    -263.352669
       0.433872    -263.356653
       0.432083    -263.355734
       0.431563    -263.358543
       0.431041    -263.357449
       0.430698    -263.360077
       0.426557    -261.486673
       0.428482    -261.281118
       0.428265    -261.193500
       0.428341    -261.081078
       0.428311    -261.137106
       0.429108    -261.211005
       0.430396    -261.299886
       0.434694    -261.393177
       0.433551    -261.490384
       0.428239    -261.625851
       0.426652    -261.747366
       0.427878    -261.746716
       0.425685    -261.747551
       0.425281    -261.747929
       0.424873    -261.747136
       0.424460    -261.747388
       0.424044    -261.748127
       0.425612    -261.748193
       0.425213    -261.743709
       0.424781    -261.749371
       0.424358    -261.748708
       0.424358    -260.396660
       0.423929    -260.358413
       0.424792    -260.180814
       0.424297    -259.938821
       0.427367    -259.667445
       0.422391    -259.764176
       0.431696    -259.908341
       0.437288    -260.018769
       0.439240    -260.193106
       0.438277    -260.289498
       0.436935    -260.792121
       0.436863    -260.784074
       0.436906    -260.785827
       0.436850    -260.784189
       0.436801    -260.789283
       0.436834    -260.790995
       0.444049    -260.788047
       0.445582    -260.784354
       0.445591    -260.783914
       0.445578    -260.785517
       0.445565    -260.788830
       0.445565    -259.968047
       0.442661    -260.296986
       0.438051    -260.367516
       0.437452    -260.173948
       0.445983    -260.594227
       0.443748    -260.627289
       0.443701    -260.627735
       0.446872    -260.631089
       0.446796    -260.630772
       0.446712    -260.630134
       0.446618    -260.629237
       0.446521    -260.632137
       0.446408    -260.623198
       0.446189    -260.623694
       0.444734    -260.625229
       0.444585    -260.622314
       0.444585    -259.550652
       0.443682    -259.507039
       0.435333    -259.298259
       0.443584    -259.475154
       0.441834    -259.655996
       0.441365    -259.816066
       0.435177    -260.235978
       0.435068    -260.242516
       0.433515    -260.235178
       0.430974    -260.237554
       0.430840    -260.237341
       0.430699    -260.240361
       0.431474    -260.238078
       0.431309    -260.237537
       0.432861    -260.237422
       0.433973    -260.237725
       0.433777    -260.240356
       0.433777    -259.313176
       0.432663    -259.300560
       0.430507    -259.105594
       0.427741    -258.816476
       0.429898    -258.774584
       0.429541    -258.812546
       0.435463    -258.909475
       0.431846    -258.968202
       0.435774    -259.353052
       0.435470    -259.349055
       0.435163    -259.357673
       0.434851    -259.352952
       0.429761    -259.355313
       0.429460    -259.357180
       0.429143    -259.351063
       0.424608    -259.354052
       0.424345    -259.353217
       0.424007    -259.355619
       0.423688    -259.354824
       0.423688    -258.470026
       0.425179    -258.437629
       0.423260    -258.309198
       0.427617    -258.340262
       0.428986    -258.392255
       0.420218    -258.546594
       0.421606    -258.664272
       0.421606    -258.664302
       0.421489    -258.661130
       0.421101    -258.660779
       0.425908    -258.659853
       0.425776    -258.664240
       0.425372    -258.661407
       0.427214    -258.659430
       0.426905    -258.662853
       0.426493    -258.658794
       0.426125    -258.661548
       0.424261    -258.665673
       0.424261    -257.841561
       0.421634    -258.490845
       0.415170    -258.428414
       0.408211    -258.756698
       0.399969    -258.985794
       0.398854    -259.124394
       0.398548    -259.125601
       0.398230    -259.130073
       0.400167    -259.131511
       0.399871    -259.129258
       0.399368    -259.125900
       0.399001    -259.127652
       0.398686    -259.128786
       0.398371    -259.129543
       0.398103    -259.126325
       0.397841    -259.122302
       0.397841    -258.327452
       0.398258    -258.557139
       0.398547    -258.763290
       0.399220    -258.987642
       0.397602    -259.192174
       0.397616    -259.309681
       0.404213    -261.773755
       0.404213    -261.773755
       0.415848    -261.827158
       0.415848    -261.827158
       0.423296    -263.829986
       0.423194    -263.828416
       0.423017    -263.836255
       0.424993    -263.835286
       0.424775    -263.834343
       0.424542    -263.833021
       0.424295    -263.836068
       0.424033    -263.836651
       0.426924    -263.831671
       0.426551    -263.834020
       0.426193    -263.835647
       0.424951    -262.955065
       0.430013    -262.860685
       0.426147    -262.573472
       0.429300    -262.543482
       0.427031    -262.541524
       0.423599    -262.541106
       0.426378    -262.570440
       0.426128    -262.573722
       0.425985    -262.569301
       0.422667    -262.574076
       0.425949    -262.571315
       0.429164    -262.576125
       0.426152    -262.570948
       0.426094    -262.572753
       0.425899    -262.573843
       0.427357    -262.573294
       0.426185    -262.574008
       0.426185    -261.341447
       0.419885    -261.620321
       0.416862    -261.623815
       0.416641    -261.545899
       0.416759    -261.520321
       0.414396    -261.498153
       0.414579    -261.481026
       0.416802    -261.476768
       0.416802    -261.476532
       0.416714    -261.471775
       0.416478    -261.477684
       0.416344    -261.470715
       0.415482    -261.471478
       0.417671    -261.475033
       0.417503    -261.476093
       0.417349    -261.474741
       0.418401    -261.477512
       0.419991    -261.474091
       0.419849    -261.476536
       0.419849    -260.397210
       0.426876    -260.351413
       0.426573    -260.137303
       0.429917    -259.873541
       0.437530    -259.790802
       0.438265    -259.832445
       0.432640    -259.948439
       0.431451    -260.172986
       0.425704    -260.560675
       0.425704    -260.564193
       0.425234    -260.555380
       0.424528    -260.557613
       0.430851    -260.560775
       0.432544    -260.559552
       0.432012    -260.564372
       0.431469    -260.556392
       0.428161    -260.559563
       0.427620    -260.563706
       0.427023    -260.555224
       0.426441    -260.563916
       0.426441    -259.625900
       0.428610    -260.033540
       0.431712    -260.188588
       0.430038    -260.637845
       0.429058    -260.798709
       0.425666    -261.106490
       0.421702    -261.311252
       0.426493    -261.315113
       0.426340    -261.307418
       0.429291    -261.306648
       0.428897    -261.316161
       0.428597    -261.306725
       0.426306    -261.315706
       0.428424    -261.316378
       0.428129    -261.313498
       0.427703    -261.311639
       0.427499    -261.310849
       0.427499    -260.865841
       0.429404    -261.899882
       0.431926    -262.192482
       0.429054    -262.354083
       0.429054    -262.356996
       0.433616    -262.353745
       0.435377    -262.358618
       0.429394    -262.359175
       0.427630    -262.359543
       0.430280    -262.355421
       0.429930    -262.353428
       0.429812    -262.356513
       0.429685    -262.357983
       0.429433    -262.353974
       0.429284    -262.359686
       0.429284    -261.847669
       0.426663    -262.416000
       0.425133    -262.598425
       0.428620    -262.716526
       0.430352    -262.817633
       0.425836    -263.100373
       0.428699    -263.302048
       0.428756    -263.363492
       0.428447    -263.366921
       0.428690    -263.364494
       0.428534    -263.362135
       0.429904    -263.370405
       0.429701    -263.367027
       0.434581    -263.365657
       0.434395    -263.367292
       0.434165    -263.367577
       0.434116    -263.369738
       0.433836    -263.371340
       0.433836    -262.059955
       0.426152    -262.069966
       0.424272    -261.860977
       0.424878    -262.021490
       0.424679    -262.012565
       0.424475    -262.021128
       0.424268    -262.013965
       0.426443    -262.018197
       0.426197    -262.015939
       0.425978    -262.021305
       0.431902    -262.018415
       0.430066    -262.020643
       0.429817    -262.017911
       0.429746    -262.015065
       0.429746    -260.267350
       0.426017    -261.218119
       0.426628    -261.892846
       0.428715    -262.302993
       0.429633    -262.672370
       0.433164    -263.024316
       0.417254    -264.521016
       0.417254    -264.521016
       0.419653    -265.044863
       0.419653    -265.044863
       0.415164    -263.117302
       0.413621    -263.120488
       0.415265    -263.120685
       0.415153    -263.118644
       0.415163    -263.118790
       0.415050    -263.121870
       0.415046    -263.116010
       0.420301    -263.120249
       0.420170    -263.117416
       0.419991    -263.116693
       0.419799    -263.121542
       0.418424    -262.459517
       0.416119    -262.245322
       0.420994    -262.076123
       0.423612    -262.016573
       0.425596    -262.046862
       0.426028    -262.239276
       0.422887    -262.398427
       0.422487    -262.401012
       0.425201    -262.402361
       0.424778    -262.393854
       0.424937    -262.402634
       0.424446    -262.396755
       0.422572    -262.396327
       0.422150    -262.398531
       0.420314    -262.402321
       0.423077    -262.395191
       0.423782    -262.396010
       0.423782    -259.599107
       0.424049    -260.152723
       0.430401    -260.006811
       0.428415    -259.599578
       0.427711    -259.096780
       0.424860    -258.914839
       0.422658    -258.861384
       0.425796    -258.860595
       0.431650    -258.900733
       0.423253    -259.062141
       0.424022    -259.406393
       0.423504    -259.407025
       0.422752    -259.414033
       0.424698    -259.413866
       0.425799    -259.405844
       0.425251    -259.409647
       0.428019    -259.410457
       0.424167    -259.405795
       0.423656    -259.408958
       0.425787    -259.413521
       0.425211    -259.406960
       0.425211    -257.459412
       0.429931    -257.544147
       0.429835    -257.225400
       0.429899    -257.181394
       0.427466    -257.187672
       0.428615    -257.253159
       0.429743    -257.325120
       0.429379    -257.579208
       0.425947    -257.887056
       0.425947    -257.890090
       0.425713    -257.881968
       0.427538    -257.886308
       0.427299    -257.886207
       0.427055    -257.886679
       0.426718    -257.880919
       0.426406    -257.884910
       0.428294    -257.890056
       0.426269    -257.881693
       0.425992    -257.885499
       0.425941    -257.883725
       0.425941    -256.914498
       0.422594    -257.810909
       0.422852    -257.956812
       0.418698    -258.037781
       0.420015    -258.194870
       0.413161    -258.229466
       0.416238    -258.944330
       0.417844    -258.948890
       0.417593    -258.950437
       0.418084    -258.946239
       0.417917    -258.952219
       0.415040    -258.950144
       0.414756    -258.947781
       0.411717    -258.946794
       0.411468    -258.953252
       0.411178    -258.946272
       0.411046    -258.952509
       0.411046    -257.766580
       0.406412    -258.401738
       0.411434    -258.151683
       0.411054    -258.196640
       0.411011    -258.212985
       0.405197    -258.235975
       0.403533    -258.326828
       0.406702    -258.782909
       0.406752    -258.781259
       0.410193    -258.786650
       0.409881    -258.777802
       0.409655    -258.785640
       0.409430    -258.782470
       0.409202    -258.779227
       0.406735    -258.779095
       0.406514    -258.784656
       0.404479    -258.780758
       0.404488    -258.782502
       0.404488    -257.771558
       0.410677    -259.295456
       0.412330    -259.935114
       0.412330    -259.945181
       0.412456    -259.945667
       0.412574    -259.939772
       0.412541    -259.938226
       0.412523    -259.944564
       0.412543    -259.937817
       0.412620    -259.938476
       0.412705    -259.942848
       0.412931    -259.943553
       0.413079    -259.938843
       0.413119    -259.943370
       0.413119    -259.921230
       0.408228    -260.892124
       0.407434    -261.365158
       0.409197    -261.367443
       0.407807    -261.360992
       0.407763    -261.365579
       0.405319    -261.367532
       0.406204    -261.363401
       0.407395    -261.367584
       0.408710    -261.367765
       0.408590    -261.368321
       0.408455    -261.366333
       0.408307    -261.365273
       0.408307    -261.612406
       0.408662    -262.215518
       0.411131    -262.431667
       0.409917    -262.679715
       0.398041    -263.012003
       0.399555    -263.909048
       0.362293    -266.266989
       0.362293    -266.266989
       0.366866    -264.605577
       0.366686    -264.604672
       0.366467    -264.606889
       0.366263    -264.603198
       0.366218    -264.598601
       0.366057    -264.604063
       0.365889    -264.597515
       0.365821    -264.606541
       0.369095    -264.599083
       0.374357    -264.606120
       0.378031    -264.599902
       0.388259    -261.445783
       0.387734    -261.288997
       0.387438    -261.165181
       0.384734    -261.069126
       0.382351    -261.108317
       0.377964    -261.172289
       0.375535    -261.258785
       0.376026    -261.339066
       0.376520    -261.457266
       0.377209    -261.553713
       0.377209    -261.542322
       0.377110    -261.542518
       0.377009    -261.551613
       0.376906    -261.549060
       0.374761    -261.547740
       0.374637    -261.547550
       0.374523    -261.542021
       0.374221    -261.549994
       0.379252    -261.547843
       0.379121    -261.545734
       0.380306    -261.544632
       0.380306    -259.959684
       0.380384    -260.203614
       0.385420    -260.280582
       0.381234    -260.184656
       0.382986    -259.993191
       0.378681    -260.493026
       0.375963    -260.646344
       0.376565    -260.802997
       0.383977    -260.934194
       0.379239    -261.174028
       0.380318    -261.440741
       0.380072    -261.434170
       0.379828    -261.439977
       0.379521    -261.433321
       0.379288    -261.436122
       0.379031    -261.435929
       0.378821    -261.439683
       0.378619    -261.437116
       0.378430    -261.431194
       0.375927    -261.432544
       0.375762    -261.438654
       0.375762    -260.434519
       0.374547    -260.995457
       0.383829    -261.009698
       0.384283    -261.019775
       0.382628    -261.093464
       0.382878    -261.248422
       0.385855    -261.440674
       0.383200    -261.644325
       0.381436    -261.823648
       0.381126    -262.034393
       0.379994    -262.219064
       0.380259    -262.216520
       0.380516    -262.213812
       0.380976    -262.220100
       0.383863    -262.215083
       0.384090    -262.216214
       0.384304    -262.216758
       0.387015    -262.221301
       0.387012    -262.217341
       0.387183    -262.221908
       0.387257    -262.220553
       0.387257    -260.936405
       0.393299    -261.934433
       0.392858    -262.154414
       0.392372    -262.263035
       0.392492    -262.270726
       0.392944    -262.782675
       0.389033    -263.337499
       0.389223    -263.343382
       0.390859    -263.337584
       0.390886    -263.337280
       0.391104    -263.345017
       0.391107    -263.345027
       0.388797    -263.338187
       0.392493    -263.335614
       0.392508    -263.338537
       0.394634    -263.340589
       0.394560    -263.337015
       0.394560    -261.537914
       0.392482    -262.554468
       0.387661    -262.588299
       0.387248    -262.805423
       0.387165    -262.920236
       0.391426    -263.106350
       0.389523    -263.379285
       0.388435    -263.567401
       0.388435    -263.567392
       0.388320    -263.566473
       0.388127    -263.571080
       0.388089    -263.571139
       0.387712    -263.562453
       0.387509    -263.566255
       0.387304    -263.568026
       0.390974    -263.563106
       0.390749    -263.564117
       0.393778    -263.563696
       0.393540    -263.568444
       0.393540    -262.633594
       0.379120    -263.448692
       0.375928    -263.649152
       0.376432    -263.590787
       0.375348    -263.988736
       0.374643    -264.113378
       0.372445    -264.218732
       0.370389    -264.311676
       0.369416    -264.430593
       0.368807    -264.561402
       0.372772    -264.781344
       0.372772    -264.786854
       0.372516    -264.780914
       0.372505    -264.786432
       0.372503    -264.781518
       0.372349    -264.779194
       0.372364    -264.785581
       0.368498    -264.781297
       0.368521    -264.783021
       0.368384    -264.782414
       0.368418    -264.784523
       0.368688    -264.780111
       0.368688    -263.784575
       0.368558    -264.450814
       0.366035    -264.489803
       0.369239    -264.380476
       0.368702    -264.456958
       0.368020    -264.578070
       0.373489    -264.790433
       0.373778    -264.793020
       0.377951    -264.796686
       0.374388    -264.794589
       0.374763    -264.794966
       0.375042    -264.791966
       0.377201    -264.792854
       0.377441    -264.791600
       0.377718    -264.788668
       0.380101    -264.792219
       0.380375    -264.793044
       0.380375    -263.525905
       0.380415    -263.965729
       0.378169    -264.316386
       0.379214    -264.736651
       0.374021    -265.188529
       0.370724    -265.440914
       0.359179    -267.384220
       0.359179    -267.384220
