Frequency (cm⁻¹)	Intensity
0	0.0008219333249547708
2	0.0009894015992732701
4	0.0013178678966437245
6	0.0020027673855402828
8	0.0033594333577798997
10	0.005734297853554447
12	0.009255763299842165
14	0.013516805739680525
16	0.01742026847774236
18	0.019458733109713564
20	0.018848778931370325
22	0.016607880255513643
24	0.014592674996519086
26	0.014044688354455924
28	0.01499287315686907
30	0.01631147984532211
32	0.01639796562917101
34	0.014504872198696901
36	0.01137238942622866
38	0.008266662249153659
40	0.006202877093252995
42	0.0058354795197603565
44	0.007579154231913966
46	0.011613587549353955
48	0.01758135430765278
50	0.024180015390045898
52	0.029086291481463206
54	0.029824654379267738
56	0.025933754201313178
58	0.01949434740683389
60	0.01299074289407435
62	0.007944247208162508
64	0.004748665707730185
66	0.0030469281766003914
68	0.002253078394589636
70	0.0018999918669356651
72	0.0017390385267919547
74	0.001689110950766297
76	0.0017726918229699626
78	0.002106102416850953
80	0.002924185155262096
82	0.00456673118914555
84	0.007331750618298971
86	0.011176748550769009
88	0.01542005751551217
90	0.018685230865025448
92	0.01942251597670483
94	0.017275396379213697
96	0.01356824770129987
98	0.010033924127964906
100	0.007896349968338066
102	0.007643947642017266
104	0.009059070744151574
106	0.011351582916087764
108	0.013349283705156688
110	0.013915574360819133
112	0.012846820984176388
114	0.011183653612270037
116	0.010305192496191351
118	0.011135487469484093
120	0.013735292282743039
122	0.017172241179503174
124	0.01974604435625964
126	0.019802502351307233
128	0.017173373937868688
130	0.013282829391235228
132	0.009779134109805476
134	0.007790383442020368
136	0.0078099265906748944
138	0.009759725485832605
140	0.013035399117093506
142	0.016514642534415785
144	0.018714726077681168
146	0.018559498750051404
148	0.016350046076624932
150	0.01323531332101558
152	0.01027995969837778
154	0.008277475116963423
156	0.007663016286115376
158	0.008440911468378772
160	0.010183168152317939
162	0.012054496750006218
164	0.012991338577892909
166	0.01231780255395685
168	0.01037743931671077
170	0.008063782187174112
172	0.006092631608792129
174	0.0047785821934209155
176	0.004097649003028753
178	0.0038657599202853096
180	0.0038973469513286624
182	0.0040734332555135535
184	0.004339307494914327
186	0.004679693296464728
188	0.005099535049556554
190	0.005616825200431454
192	0.006268949702528763
194	0.007145930488600503
196	0.008491255163235454
198	0.010937280423948198
200	0.015894563854518536
202	0.02587112272075651
204	0.04409237287595939
206	0.0727291712472698
208	0.11000214824367663
210	0.14791492141067883
212	0.1728540909586093
214	0.17270036522919202
216	0.1494508455841198
218	0.11840027397409555
220	0.09684519415184312
222	0.09933885939379537
224	0.13659878597668637
226	0.21269562617725216
228	0.3191001410286244
230	0.42928575232887767
232	0.500568453405106
234	0.4947593910385095
236	0.41515927976989997
238	0.3022026730066003
240	0.19560873511820617
242	0.11685905383321406
244	0.06921568524112816
246	0.045337192393804245
248	0.03590011672168347
250	0.034624296941618046
252	0.03985455273796388
254	0.055311180242692055
256	0.0914339133916921
258	0.1655080187944171
260	0.2959816848785247
262	0.48813301743877013
264	0.7164725449182205
266	0.9163807130645716
268	1
270	0.9193269832275541
272	0.7204288416809462
274	0.4911293112807236
276	0.29687739442836864
278	0.16400217230978476
280	0.08769736801034043
282	0.04953108032087898
284	0.03187094395021649
286	0.023498790853512874
288	0.01893276405901168
290	0.015960637584773785
292	0.013780393594535237
294	0.012090762893150604
296	0.010752978740538948
298	0.009686258779216424
300	0.008837493534181132
302	0.008171322963646917
304	0.007666775963865307
306	0.007319856840397596
308	0.007160765371888721
310	0.007309637131746068
312	0.008109937624222952
314	0.010353004155090259
316	0.01546920313929461
318	0.025324484780693234
320	0.04121083068654446
322	0.06216018073768519
324	0.08358315033920599
326	0.09752696759068101
328	0.09661606260146967
330	0.08129599718442747
332	0.05929968583492089
334	0.038351910566047094
336	0.022680393531547494
338	0.012968406213604705
340	0.007800219109353152
342	0.005315257768384099
344	0.0041352978737310446
346	0.003511381485221609
348	0.0031178051423861315
350	0.0028341260016511104
352	0.0026222100396393164
354	0.0024804001609145163
356	0.002436292164703258
358	0.002548961166690108
360	0.002895117442456995
362	0.003519951885549774
364	0.004362197271809378
366	0.005200081590832782
368	0.005675358604937785
370	0.005490831547581432
372	0.004714820860382543
374	0.003698793480599441
376	0.0027640325614395147
378	0.0020740039912714304
380	0.0016431462425287333
382	0.0014038061955881967
384	0.0012758990794231701
386	0.0012026400613905112
388	0.0011540306389147385
390	0.0011172444410844121
392	0.0010875016499488246
394	0.0010630688334729726
396	0.001043250318401773
398	0.0010277400966094263
400	0.0010164399219888306
402	0.001009411995379616
404	0.001006872245727072
406	0.0010092030057616106
408	0.0010169825624810778
410	0.0010310348039415447
412	0.0010525063721838598
414	0.001082985894855348
416	0.0011247022393794809
418	0.0011809363667464308
420	0.0012572041900110328
422	0.0013652899334721834
424	0.001536326260280464
426	0.001856190970445608
428	0.002538584556065021
430	0.004023722635170171
432	0.007010001064137087
434	0.01223985093951121
436	0.019932785275336803
438	0.029082749959713754
440	0.037120103269498717
442	0.04053688093393497
444	0.037395399270176176
446	0.029517664833399456
448	0.020423005248578346
450	0.012766074204516323
452	0.007682650898674538
454	0.005137630083216782
456	0.004633774511711998
458	0.005715955948022424
460	0.008004241181467826
462	0.010930332773247068
464	0.013527585504542932
466	0.014575197677594685
468	0.01342004808715845
470	0.010688775556680088
472	0.007567306008283037
474	0.004936141002509834
476	0.003147025570039233
478	0.002132455640416221
480	0.0016428713071446866
482	0.0014411290395563707
484	0.001377724117504078
486	0.0013813932427618734
488	0.0014259960825984055
490	0.0015059648707031624
492	0.001625299264151786
494	0.0017969029528945412
496	0.0020544810223329887
498	0.0024930680024947763
500	0.0033706583475040797
502	0.005293800432950626
504	0.009413047385194185
506	0.01735167081119485
508	0.030478125514867723
510	0.048488262163359705
512	0.06804329849908061
514	0.08259118297203365
516	0.08496439788786242
518	0.07375472944605654
520	0.054984062650887754
522	0.03590684367331701
524	0.020990613836341952
526	0.011424635598649726
528	0.00621503494174542
530	0.0037019395878955786
532	0.0025458698351653064
534	0.001976854763995142
536	0.001645485876040895
538	0.0014174652824240413
540	0.0012444104344800583
542	0.0011070269855161673
544	0.0009954782708839133
546	0.0009035370145747956
548	0.0008268219057349658
550	0.000762118008288602
552	0.0007070154565795222
554	0.0006596794483619886
556	0.0006186939526007694
558	0.0005829526205590486
560	0.0005515812909931311
562	0.000523882101969515
564	0.0004992926251066522
566	0.00047735560079978357
568	0.0004576962579689987
570	0.0004400051301215636
572	0.0004240249022952336
574	0.0004095402473200867
576	0.0003963699022403575
578	0.00038436044001677626
580	0.00037338133604953704
582	0.0003633210323120179
584	0.00035408377648598585
586	0.00034558706793159954
588	0.00033775958243671916
590	0.00033053947751257573
592	0.0003238730023715385
594	0.00031771335364577544
596	0.00031201973081962153
598	0.0003067565552914811
600	0.0003018928247105709
602	0.00029740158030862335
604	0.00029325946978438634
606	0.00028944639221629065
608	0.00028594521472185186
610	0.00028274155334768206
612	0.00027982361312557506
614	0.0002771820845136798
616	0.00027481009569696793
618	0.00027270322259446896
620	0.0002708595610793114
622	0.0002692798690676011
624	0.00026796779004266066
626	0.0002669301746189238
628	0.00026617752343017164
630	0.00026572458369136006
632	0.0002655911443189338
634	0.00026580309212152764
636	0.0002663938167442691
638	0.0002674060885372829
640	0.0002688945872143281
642	0.0002709293394292527
644	0.00027360044539083775
646	0.00027702466390593534
648	0.00028135473092539464
650	0.0002867928467805979
652	0.0002936111939175009
654	0.00030218773638058513
656	0.000313088685857756
658	0.00032731788184713257
660	0.0003471248934013278
662	0.0003783588525703494
664	0.0004360600663727626
666	0.0005544185284273499
668	0.0007977798325010899
670	0.0012604745682554027
672	0.0020373502636922714
674	0.0031575536020515397
676	0.004502140657339078
678	0.0057604548666036065
680	0.006534613487012914
682	0.006573653240977628
684	0.005898385062659444
686	0.004819917042451599
688	0.0037009829147991286
690	0.0027276404691425928
692	0.0019461183609233372
694	0.0013617171586464154
696	0.0009584829979008101
698	0.0007091689264389692
700	0.0005883070138432918
702	0.000578118022022426
704	0.0006683265394769595
706	0.0008448629641025726
708	0.0010706520887170732
710	0.001273377261173301
712	0.0013584743602424569
714	0.001272761851666047
716	0.0010624538268096217
718	0.0008197054686259106
720	0.0006140862791450834
722	0.00047411776856060787
724	0.0003953342117605135
726	0.00035873555279795634
728	0.0003464765128107094
730	0.0003489974068958729
732	0.00036685913105278254
734	0.000412337490726728
736	0.0005111438551112538
738	0.0006980182861009513
740	0.0009979623813043653
742	0.0013946729986275821
744	0.001804380492237847
746	0.002079254561678621
748	0.0020783494158403155
750	0.001804163906504851
752	0.0013996760240447647
754	0.001011499619828233
756	0.0007214485576439277
758	0.0005442964652732655
760	0.0004543855894124908
762	0.00041692623416344273
764	0.00040600211835352444
766	0.0004078853687877196
768	0.00041791252918513196
770	0.0004382391709054747
772	0.00047977012957375447
774	0.000568085595795128
776	0.0007481931635462434
778	0.0010761638205385859
780	0.001585944431740047
782	0.0022380726406647368
784	0.002882369883372203
786	0.0032739450544779893
788	0.0032079545658069853
790	0.002729896588906101
792	0.0020817205706007208
794	0.0014858759327360793
796	0.0010563942136798813
798	0.0008044730878164493
800	0.0006843944877172589
802	0.0006416191102159321
804	0.0006376421928077539
806	0.0006526198553595529
808	0.0006790517559422241
810	0.0007163629679428191
812	0.0007700348509814318
814	0.0008563620162503454
816	0.0010125345070553329
818	0.001306092461152296
820	0.001827099903513754
822	0.0026432998389873444
824	0.0037230643730486925
826	0.004874454883444741
828	0.005768357536701889
830	0.0061515854644698924
832	0.006257624907397064
834	0.00686824149647978
836	0.008910487645110664
838	0.012981375081084729
840	0.01884067677734895
842	0.02507334160489418
844	0.029244893322699497
846	0.029114349997799847
848	0.024796090670910445
850	0.018608995933114127
852	0.012915256815428213
854	0.009110058188985836
856	0.0076505800512019165
858	0.008481314650124777
860	0.01138340168759106
862	0.015881662038824018
864	0.020864088459999267
866	0.024462164874835716
868	0.02476865265004002
870	0.0215629532243011
872	0.01656691302762583
874	0.01175062111462392
876	0.008401266266351685
878	0.007172504732660994
880	0.008594386173193507
882	0.01356574194324106
884	0.023234488115611362
886	0.03798037653438526
888	0.05596307416405087
890	0.07229540297387232
892	0.08002062407301862
894	0.07476344150063412
896	0.059557705087730624
898	0.04133876131079965
900	0.025558581852821557
902	0.01458114585429898
904	0.008195917551481429
906	0.004982130487166375
908	0.0035063236442370157
910	0.002829827739846699
912	0.002484459297999476
914	0.0022787015456667103
916	0.0021430284547792823
918	0.0020519301738005564
920	0.001994317232256863
922	0.0019643039027437037
924	0.0019586530232951352
926	0.0019763220307699686
928	0.0020196044040307983
930	0.0020988905940069755
932	0.002245806648800859
934	0.0025398253357606917
936	0.003142510378400074
938	0.004304025892467748
940	0.0062784318215236175
942	0.009116759826811278
944	0.012425084794673155
946	0.015266156554020277
948	0.016424399918669036
950	0.015341065090772172
952	0.012795291192204654
954	0.010103972413914038
956	0.008265275906422636
958	0.007702969218469025
960	0.00828773187753579
962	0.009490739403390677
964	0.010579744450627171
966	0.010913851784979342
968	0.010403648934561164
970	0.009517678317454564
972	0.008795740763120986
974	0.008589630099745633
976	0.009046590869457263
978	0.010186786613027491
980	0.011990731789978165
982	0.014479074097524044
984	0.017903560515324053
986	0.023308988352851695
988	0.033763824159173665
990	0.05592412662592594
992	0.10039748374748066
994	0.17877089040983907
996	0.2959022506786342
998	0.4397907868705424
1000	0.5752766378856848
1002	0.6516213257218421
1004	0.6354380497411896
1006	0.5371880360761476
1008	0.398189501642242
1010	0.2636234168387003
1012	0.1608837099027335
1014	0.09616676727737303
1016	0.062395001357965385
1018	0.048488596593260415
1020	0.045074414349966375
1022	0.046059559584888755
1024	0.04883705900624141
1026	0.055458280122753285
1028	0.07277323665231046
1030	0.1090515464073667
1032	0.16827198611330638
1034	0.24377194442867625
1036	0.3148536786509685
1038	0.3509420914757693
1040	0.3312294269552535
1042	0.26704977866423063
1044	0.18835474784242748
1046	0.1193224822304887
1048	0.07053578717524485
1050	0.0411498297813709
1052	0.025194821226922643
1054	0.01681700745598793
1056	0.012228019653812297
1058	0.009510782200876856
1060	0.0077963884240691665
1062	0.006666578740030727
1064	0.005899587734020097
1066	0.0053913305857208405
1068	0.005125841116841984
1070	0.005145274935161231
1072	0.005497071032926077
1074	0.006155948743772855
1076	0.0069561231302871325
1078	0.007590259500645537
1080	0.007756825890073558
1082	0.00750286222279621
1084	0.007323371958042978
1086	0.007826492547663766
1088	0.009439884081222876
1090	0.012252991442982144
1092	0.01594797682669514
1094	0.019845888409475456
1096	0.02328943024571417
1098	0.02594147264507435
1100	0.027384200584260443
1102	0.027355299395262673
1104	0.026665675714646408
1106	0.026524289033201774
1108	0.027176091712719185
1110	0.027676584620924368
1112	0.026929665163119034
1114	0.02471008991645232
1116	0.021179214164424632
1118	0.016748189913304033
1120	0.01234053059307279
1122	0.008842055187230288
1124	0.006718078173813268
1126	0.006058819177510086
1128	0.006684822445210079
1130	0.008218578264402797
1132	0.010150343493022953
1134	0.01196178669671812
1136	0.013303387604251683
1138	0.014262411884940734
1140	0.015150925312007296
1142	0.01583640938937429
1144	0.015634720462512488
1146	0.014068073320754906
1148	0.011603762110249754
1150	0.009104451472445046
1152	0.0071102936509642315
1154	0.005690619075344979
1156	0.004647820001247006
1158	0.003791558596789432
1160	0.0030611160989305053
1162	0.0024819772421363333
1164	0.0020778263680741624
1166	0.0018375090809261308
1168	0.0017258633095401002
1170	0.0017116273352724722
1172	0.0017938491077649442
1174	0.002019576627880825
1176	0.0024843768357884106
1178	0.0032951214728847615
1180	0.0044819272826465174
1182	0.005892147420267791
1184	0.0071404519329692565
1186	0.0077041790832143965
1188	0.0073001730684510826
1190	0.00620598489436028
1192	0.0049464156679127035
1194	0.003912522385820229
1196	0.0032627723594492865
1198	0.002971082942790519
1200	0.0029313497506801814
1202	0.0030434216941081704
1204	0.0032466500650999907
1206	0.0035161652924216554
1208	0.0038487428659603213
1210	0.0042525652561590304
1212	0.004743070621546101
1214	0.005343019189614105
1216	0.006085645681164533
1218	0.007022083089791605
1220	0.008239393871605485
1222	0.009913184608303972
1224	0.01247136568181586
1226	0.017046499513642104
1228	0.02644662030176605
1230	0.04653916824113755
1232	0.0868594216947843
1234	0.15799179332609034
1236	0.2639442841600851
1238	0.39209560473227806
1240	0.5077557272953602
1242	0.561583433183316
1244	0.5231034996342847
1246	0.41453334557709787
1248	0.28517907097012885
1250	0.1734914920355221
1252	0.09597141690792003
1254	0.05094907383575091
1256	0.028310629540695714
1258	0.01795856140537586
1260	0.013350048633598156
1262	0.011264858515898892
1264	0.010364988237849947
1266	0.010036151869749254
1268	0.009817575050764495
1270	0.009281809106785133
1272	0.008245031177060656
1274	0.006905887085347143
1276	0.0055872260368231424
1278	0.004510716513460681
1280	0.0037537555694307874
1282	0.0032940502746274755
1284	0.0030817010035194474
1286	0.003083873031624346
1288	0.003281787022963822
1290	0.0036426858451455188
1292	0.0041014250784399
1294	0.0045727349697433336
1296	0.005022867694046517
1298	0.0055153471310284705
1300	0.006080073563330308
1302	0.006605378169529547
1304	0.006933984668670416
1306	0.007080110538989414
1308	0.007160110729042654
1310	0.007127228416034373
1312	0.0067427065426338305
1314	0.005871436164274025
1316	0.004711691245899555
1318	0.0035713862874229107
1320	0.002651371474648884
1322	0.0020174752761533657
1324	0.0016412126991179117
1326	0.001458201626075617
1328	0.0014207190332073247
1330	0.0015229231905088455
1332	0.0018033320344019992
1334	0.0023353662375899006
1336	0.003210683897656849
1338	0.004515554287453653
1340	0.006300792067968655
1342	0.008574468469700398
1344	0.011306480533441847
1346	0.0143391506495016
1348	0.01738952564441848
1350	0.020113568632146056
1352	0.02209763121762621
1354	0.022940418770039495
1356	0.022071509951454047
1358	0.019215589148487696
1360	0.01512948390624287
1362	0.011080222750712436
1364	0.007925480335699469
1366	0.0058465118261410865
1368	0.004536539060109891
1370	0.0036242018785309967
1372	0.002976142887779181
1374	0.0026321062809606735
1376	0.002640630558230585
1378	0.0029460012031658762
1380	0.00334929181430337
1382	0.0035610930365783285
1384	0.00338125388088655
1386	0.002895074185486878
1388	0.0023645336189495442
1390	0.002007482203482145
1392	0.0019033591880101863
1394	0.001986501137364143
1396	0.002095638393849819
1398	0.0020743403893218205
1400	0.0018857704029310008
1402	0.0015919351626008107
1404	0.0012668588045707326
1406	0.0009737664187300577
1408	0.0007501062564159422
1410	0.0006011428606077351
1412	0.0005134899214436547
1414	0.0004688010135921401
1416	0.00045166491436453955
1418	0.00045334997154168025
1420	0.0004744198731442541
1422	0.0005307758612507176
1424	0.0006672462993927528
1426	0.0009754382022161015
1428	0.0015951722856189531
1430	0.0026639257290674307
1432	0.0041993606705963814
1434	0.005966857426911076
1436	0.007431356282758161
1438	0.007917960323641003
1440	0.007140482003380827
1442	0.005532601564749997
1444	0.0037700013120625423
1446	0.0023212512322719437
1448	0.0013529612240499428
1450	0.0008065430471115452
1452	0.00053545447709936
1454	0.00040875681923712847
1456	0.0003463306170548835
1458	0.00031011316956644546
1460	0.0002850312597263475
1462	0.0002656379845787078
1464	0.0002498385664032104
1466	0.00023662189555338336
1468	0.00022536949851816406
1470	0.00021565162075990761
1472	0.00020715393741318743
1474	0.00019964090397238388
1476	0.00019293301484196815
1478	0.00018689148193197814
1480	0.00018140758279800662
1482	0.00017639511485550378
1484	0.0001717849659817385
1486	0.00016752115213355186
1488	0.0001635578874284608
1490	0.00015985739113505648
1492	0.0001563882275425003
1494	0.00015312403589276864
1496	0.00015004254910237254
1498	0.00014712482858183755
1500	0.00014435466237923753
1502	0.0001417180879229764
1504	0.00013920301066118153
1506	0.00013679889712140615
1508	0.0001344965261774853
1510	0.00013228778618027654
1512	0.00013016550848014404
1514	0.00012812333001735888
1516	0.00012615557927705623
1518	0.0001242571811370893
1520	0.00012242357708014192
1522	0.0001206506579684625
1524	0.00011893470714375768
1526	0.0001172723520553437
1528	0.00011566052296575447
1530	0.0001140964175564586
1532	0.00011257747047357479
1534	0.00011110132702695984
1536	0.00010966582039528693
1538	0.00010826895180202453
1540	0.0001069088732182135
1542	0.00010558387222198177
1544	0.00010429235870525481
1546	0.00010303285316778158
1548	0.00010180397637951652
1550	0.00010060444022623965
1552	0.00009943303958138713
1554	0.0000982886450704725
1556	0.0000971701966140367
1558	0.00009607669765147486
1560	0.00009500720996189305
1562	0.00009396084900979635
1564	0.00009293677975327687
1566	0.00009193421286074035
1568	0.00009095240128934113
1570	0.00008999063718438185
1572	0.00008904824906414406
1574	0.00008812459925908559
1576	0.00008721908157819046
1578	0.00008633111917857124
1580	0.00008546016261729524
1582	0.0000846056880668874
1584	0.0000837671956781246
1586	0.00008294420807561109
1588	0.00008213626897326508
1590	0.00008134294189827644
1592	0.00008056380901335104
1594	0.00007979847002815497
1596	0.00007904654119184167
1598	0.00007830765435939369
1600	0.00007758145612526598
1602	0.00007686760701847803
1604	0.00007616578075389409
1606	0.00007547566353494966
1608	0.0000747969534035479
1610	0.00007412935963326157
1612	0.00007347260216234306
1614	0.00007282641106337448
1616	0.00007219052604668305
1618	0.00007156469599490912
1620	0.00007094867852635001
1622	0.00007034223958491533
1624	0.00006974515305471847
1626	0.00006915720039750075
1628	0.00006857817031123952
1630	0.00006800785840843026
1632	0.00006744606691265981
1634	0.00006689260437220031
1636	0.00006634728538945817
1638	0.00006580993036520703
1640	0.00006528036525661496
1642	0.00006475842134815957
1644	0.0000642439350345892
1646	0.00006373674761515758
1648	0.00006323670509841446
1650	0.0000627436580168909
1652	0.00006225746125106506
1654	0.00006177797386204008
1656	0.0000613050589324073
1658	0.00006083858341480359
1660	0.0000603784179877095
1662	0.00005992443691806322
1664	0.00005947651793029748
1666	0.00005903454208143155
1668	0.000058598393641876525
1670	0.00005816795998163369
1672	0.000057743131461588745
1674	0.000057323801329622334
1676	0.00005690986562127643
1678	0.00005650122306473213
1680	0.000056097774989871676
1682	0.00005569942524120846
1684	0.00005530608009448583
1686	0.000054917648176756005
1688	0.000054534040389760225
1690	0.000054155169836446744
1692	0.00005378095175046753
1694	0.00005341130342850804
1696	0.00005304614416531089
1698	0.0000526853951912629
1700	0.00005232897961242276
1702	0.00005197682235287254
1704	0.00005162885009928474
1706	0.00005128499124759986
1708	0.000050945175851718394
1710	0.000050609335574113706
1712	0.0000502774036382791
1714	0.00004994931478292634
1716	0.00004962500521785717
1718	0.000049304412581434
1720	0.0000489874758995793
1722	0.00004867413554623767
1724	0.0000483643332052367
1726	0.000048058011833487274
1728	0.000047755115625466036
1730	0.000047455589978926694
1732	0.000047159381461787695
1734	0.0000468664377801487
1736	0.00004657670774738867
1738	0.000046290141254301434
1740	0.00004600668924022712
1742	0.00004572630366513925
1744	0.00004544893748264903
1746	0.000045174544613891235
1748	0.00004490307992225622
1750	0.00004463449918893596
1752	0.000044368759089251424
1754	0.00004410581716973258
1756	0.0000438456318259212
1758	0.00004358816228086973
1760	0.00004333336856430961
1762	0.00004308121149246438
1764	0.000042831652648483356
1766	0.000042584654363473066
1768	0.00004234017969810471
1770	0.000042098192424776385
1772	0.00004185865701031046
1774	0.00004162153859916634
1776	0.0000413868029971508
1778	0.000041154416655607795
1780	0.00004092434665607113
1782	0.00004069656069536383
1784	0.00004047102707112828
1786	0.000040247714667772935
1788	0.000040026592942820656
1790	0.000039807631913645095
1792	0.000039590802144582574
1794	0.00003937607473440571
1796	0.00003916342130414774
1798	0.00003895281398526516
1800	0.00003874422540812757
1802	0.00003853762869082451
1804	0.00003833299742827811
1806	0.00003813030568165207
1808	0.00003792952796804731
1810	0.000037730639250474935
1812	0.000037533614928098006
1814	0.000037338430826732966
1816	0.00003714506318960309
1818	0.000036953488668335624
1820	0.00003676368431419519
1822	0.00003657562756954603
1824	0.00003638929625953605
1826	0.00003620466858399584
1828	0.000036021723109545894
1830	0.00003584043876190596
1832	0.000035660794818400245
1834	0.00003548277090065258
1836	0.00003530634696746586
1838	0.00003513150330788022
1840	0.00003495822053440466
1842	0.00003478647957641709
1844	0.00003461626167372768
1846	0.00003444754837030079
1848	0.000034280321508130933
1850	0.0000341145632212682
1852	0.000033950255929988965
1854	0.00003378738233510756
1856	0.000033625925412425026
1858	0.000033465868407310883
1860	0.00003330719482941442
1862	0.0000331498884475014
1864	0.00003299393328441335
1866	0.00003283931361214527
1868	0.000032686013947039065
1870	0.000032534019045089044
1872	0.00003238331389735692
1874	0.000032233883725492606
1876	0.00003208571397735882
1878	0.00003193879032275576
1880	0.000031793098649243666
1882	0.00003164862505806097
1884	0.00003150535586013424
1886	0.00003136327757217917
1888	0.000031222376912888555
1890	0.00003108264079920623
1892	0.00003094405634268391
1894	0.000030806610845919104
1896	0.00003067029179907183
1898	0.00003053508687645848
1900	0.000030400983933220094
1902	0.000030267971002063833
1904	0.00003013603629007537
1906	0.00003000516817560069
1908	0.000029875355205195106
1910	0.000029746586090638332
1912	0.000029618849706013253
1914	0.000029492135084847647
1916	0.000029366431417316435
1918	0.000029241728047503584
1920	0.0000291180144707219
1922	0.000028995280330889113
1924	0.000028873515417959363
1926	0.000028752709665408166
1928	0.00002863285314777011
1930	0.00002851393607822738
1932	0.000028395948806248384
1934	0.00002827888181527517
1936	0.000028162725720458184
1938	0.00002804747126643753
1940	0.000027933109325169514
1942	0.00002781963089379745
1944	0.000027707027092565422
1946	0.00002759528916277456
1948	0.000027484408464780083
1950	0.000027374376476028777
1952	0.00002726518478913564
1954	0.000027156825109998777
1956	0.000027049289255952027
1958	0.00002694256915395381
1960	0.00002683665683881195
1962	0.000026731544451443374
1964	0.000026627224237167908
1966	0.00002652368854403541
1968	0.000026420929821185573
1970	0.00002631894061723945
1972	0.00002621771357872227
1974	0.000026117241448516614
1976	0.000026017517064345308
1978	0.00002591853335728353
1980	0.0000258202833502992
1982	0.00002572276015682149
1984	0.00002562595697933606
1986	0.000025529867108007516
1988	0.000025434483919327354
1990	0.00002533980087478767
1992	0.00002524581151957972
1994	0.00002515250948131679
1996	0.00002505988846878101
1998	0.00002496794227069334
2000	0.000024876664754506663
2002	0.000024786049865220937
2004	0.000024696091624220383
2006	0.000024606784128131967
2008	0.00002451812154770505
2010	0.000024430098126711236
2012	0.000024342708180864643
2014	0.00002425594609676156
2016	0.0000241698063308395
2018	0.000024084283408355163
2020	0.000023999371922380675
2022	0.000023915066532818094
2024	0.000023831361965431504
2026	0.000023748253010896576
2028	0.000023665734523867075
2030	0.0000235838014220579
2032	0.00002350244868534475
2034	0.000023421671354879422
2036	0.000023341464532220936
2038	0.000023261823378482135
2040	0.000023182743113491077
2042	0.000023104219014967384
2044	0.000023026246417712918
2046	0.00002294882071281669
2048	0.000022871937346873637
2050	0.00002279559182121699
2052	0.00002271977969116408
2054	0.000022644496565275165
2056	0.00002256973810462505
2058	0.000022495500022087446
2060	0.000022421778081631512
2062	0.00002234856809763062
2064	0.000022275865934183014
2066	0.000022203667504443928
2068	0.000022131968769969436
2070	0.000022060765740071292
2072	0.000021990054471182852
2074	0.00002191983106623583
2076	0.000021850091674047537
2078	0.000021780832488718696
2080	0.00002171204974904129
2082	0.000021643739737916568
2084	0.000021575898781782786
2086	0.000021508523250052673
2088	0.000021441609554560354
2090	0.00002137515414901753
2092	0.00002130915352847895
2094	0.000021243604228816632
2096	0.000021178502826203146
2098	0.00002111384593660332
2100	0.000021049630215274675
2102	0.000020985852356275987
2104	0.000020922509091984285
2106	0.000020859597192619718
2108	0.000020797113465778458
2110	0.000020735054755973366
2112	0.00002067341794418231
2114	0.00002061219994740394
2116	0.00002055139771822096
2118	0.00002049100824437061
2120	0.000020431028548322294
2122	0.000020371455686862188
2124	0.000020312286750684864
2126	0.000020253518863991622
2128	0.00002019514918409546
2130	0.00002013717490103275
2132	0.00002007959323718125
2134	0.00002002240144688456
2136	0.000019965596816082692
2138	0.000019909176661949
2140	0.000019853138332532967
2142	0.00001979747920640912
2144	0.00001974219669233166
2146	0.000019687288228894964
2148	0.00001963275128419975
2150	0.000019578583355524796
2152	0.000019524781969004226
2154	0.000019471344679310227
2156	0.000019418269069341006
2158	0.000019365552749914208
2160	0.000019313193359465283
2162	0.000019261188563751176
2164	0.000019209536055558912
2166	0.00001915823355441926
2168	0.000019107278806325173
2170	0.0000190566695834551
2172	0.000019006403683901147
2174	0.000018956478931401746
2176	0.000018906893175079133
2178	0.000018857644289181237
2180	0.000018808730172828224
2182	0.00001876014874976329
2184	0.00001871189796810809
2186	0.00001866397580012223
2188	0.00001861638024196724
2190	0.000018569109313474635
2192	0.000018522161057918216
2194	0.000018475533541790466
2196	0.000018429224854582974
2198	0.000018383233108570976
2200	0.000018337556438601712
2202	0.0000182921930018869
2204	0.000018247140977798872
2206	0.00001820239856767079
2208	0.00001815796399460041
2210	0.00001811383550325785
2212	0.00001807001135969685
2214	0.000018026489851169843
2216	0.000017983269285946657
2218	0.000017940347993136783
2220	0.000017897724322515237
2222	0.000017855396644352004
2224	0.000017813363349244813
2226	0.000017771622847955727
2228	0.000017730173571250798
2230	0.000017689013969743432
2232	0.000017648142513740945
2234	0.000017607557693094694
2236	0.000017567258017053293
2238	0.000017527242014119394
2240	0.00001748750823190964
2242	0.00001744805523701783
2244	0.000017408881614881518
2246	0.000017369985969651717
2248	0.00001733136692406581
2250	0.00001729302311932374
2252	0.00001725495321496735
2254	0.000017217155888762905
2256	0.00001717962983658672
2258	0.000017142373772314002
2260	0.000017105386427710824
2262	0.000017068666552329194
2264	0.000017032212913405167
2266	0.00001699602429576032
2268	0.000016960099501705995
2270	0.000016924437350950925
2272	0.000016889036680511768
2274	0.00001685389634462685
2276	0.000016819015214672956
2278	0.0000167843921790852
2280	0.00001675002614328001
2282	0.00001671591602958122
2284	0.000016682060777149234
2286	0.000016648459341913332
2288	0.000016615110696507044
2290	0.000016582013830206696
2292	0.000016549167748873054
2294	0.000016516571474896108
2296	0.000016484224047143055
2298	0.000016452124520909342
2300	0.000016420271967873093
2302	0.000016388665476052475
2304	0.000016357304149766512
2306	0.00001632618710959898
2308	0.00001629531349236568
2310	0.000016264682451084914
2312	0.00001623429315495129
2314	0.000016204144789312853
2316	0.000016174236555651642
2318	0.00001614456767156754
2320	0.000016115137370765598
2322	0.000016085944903046845
2324	0.00001605698953430258
2326	0.000016028270546512117
2328	0.0000159997872377442
2330	0.000015971538922162027
2332	0.000015943524930031818
2334	0.000015915744607735245
2336	0.000015888197317785508
2338	0.000015860882438847235
2340	0.000015833799365760216
2342	0.00001580694750956714
2344	0.00001578032629754511
2346	0.000015753935173241488
2348	0.000015727773596513448
2350	0.000015701841043572047
2352	0.000015676137007030277
2354	0.000015650660995955542
2356	0.000015625412535926406
2358	0.000015600391169093932
2360	0.000015575596454247377
2362	0.000015551027966884668
2364	0.000015526685299287458
2366	0.00001550256806060101
2368	0.00001547867587691899
2370	0.00001545500839137328
2372	0.000015431565264228713
2374	0.00001540834617298322
2376	0.000015385350812473136
2378	0.000015362578894983957
2380	0.00001534003015036669
2382	0.00001531770432615975
2384	0.00001529560118771673
2386	0.000015273720518340115
2388	0.000015252062119421009
2390	0.00001523062581058499
2392	0.000015209411429844527
2394	0.000015188418833757713
2396	0.000015167647897593683
2398	0.000015147098515505048
2400	0.000015126770600707059
2402	0.000015106664085664208
2404	0.000015086778922284056
2406	0.00001506711508211868
2408	0.000015047672556573884
2410	0.00001502845135712634
2412	0.000015009451515549031
2414	0.000014990673084144954
2416	0.000014972116135989626
2418	0.000014953780765182369
2420	0.000014935667087106828
2422	0.000014917775238700782
2424	0.000014900105378735705
2426	0.000014882657688106298
2428	0.000014865432370130197
2430	0.000014848429650858247
2432	0.000014831649779395704
2434	0.000014815093028234526
2436	0.00001479875969359724
2438	0.000014782650095792763
2440	0.000014766764579584283
2442	0.000014751103514569973
2444	0.000014735667295576579
2446	0.000014720456343066513
2448	0.000014705471103558801
2450	0.000014690712050064314
2452	0.00001467617968253576
2454	0.000014661874528332942
2456	0.000014647797142703782
2458	0.000014633948109281525
2460	0.00001462032804059885
2462	0.000014606937578619316
2464	0.000014593777395286637
2466	0.000014580848193092745
2468	0.000014568150705664845
2470	0.00001455568569837243
2472	0.000014543453968954757
2474	0.000014531456348169677
2476	0.000014519693700464311
2478	0.000014508166924668717
2480	0.000014496876954712864
2482	0.00001448582476036827
2484	0.0000144750113480148
2486	0.000014464437761433732
2488	0.000014454105082627925
2490	0.000014444014432670287
2492	0.000014434166972581265
2494	0.00001442456390423675
2496	0.00001441520647130733
2498	0.000014406095960230131
2500	0.000014397233701214518
2502	0.000014388621069282839
2504	0.000014380259485347646
2506	0.00001437215041732676
2508	0.000014364295381297628
2510	0.000014356695942692492
2512	0.000014349353717536077
2514	0.000014342270373727245
2516	0.000014335447632366594
2518	0.000014328887269131728
2520	0.000014322591115702056
2522	0.000014316561061235213
2524	0.000014310799053897129
2526	0.000014305307102448014
2528	0.000014300087277886402
2530	0.000014295141715153868
2532	0.000014290472614902692
2534	0.000014286082245329364
2536	0.00001428197294407639
2538	0.00001427814712020566
2540	0.000014274607256246025
2542	0.000014271355910318588
2544	0.000014268395718342849
2546	0.00001426572939632732
2548	0.000014263359742748227
2550	0.000014261289641020187
2552	0.000014259522062062925
2554	0.000014258060066968289
2556	0.00001425690680977204
2558	0.000014256065540335129
2560	0.000014255539607339402
2562	0.000014255332461403015
2564	0.000014255447658320862
2566	0.000014255888862436027
2568	0.000014256659850148144
2570	0.00001425776451356512
2572	0.000014259206864304978
2574	0.000014260991037454894
2576	0.000014263121295694945
2578	0.000014265602033594365
2580	0.00001426843778208874
2582	0.000014271633213146936
2584	0.000014275193144636814
2586	0.000014279122545399845
2588	0.000014283426540544674
2590	0.000014288110416970705
2592	0.00001429317962913324
2594	0.000014298639805062335
2596	0.000014304496752648248
2598	0.000014310756466207278
2600	0.000014317425133342322
2602	0.00001432450914211346
2604	0.000014332015088534977
2606	0.000014339949784415708
2608	0.00001434832026556121
2610	0.000014357133800356957
2612	0.00001436639789875306
2614	0.000014376120321672367
2616	0.000014386309090864986
2618	0.000014396972499233861
2620	0.000014408119121657432
2622	0.00001441975782633727
2624	0.000014431897786700083
2626	0.000014444548493885662
2628	0.000014457719769854096
2630	0.00001447142178114814
2632	0.000014485665053348461
2634	0.000014500460486262548
2636	0.000014515819369890441
2638	0.000014531753401213322
2640	0.000014548274701854505
2642	0.000014565395836665244
2644	0.000014583129833291883
2646	0.000014601490202784436
2648	0.00001462049096131113
2650	0.000014640146653047945
2652	0.00001466047237431709
2654	0.000014681483799053681
2656	0.000014703197205685751
2658	0.00001472562950551878
2660	0.000014748798272722892
2662	0.000014772721776027957
2664	0.000014797419012239969
2666	0.00001482290974170057
2668	0.000014849214525820915
2670	0.000014876354766831319
2672	0.000014904352749899096
2674	0.00001493323168777912
2676	0.00001496301576817445
2678	0.000014993730203999126
2680	0.000015025401286750276
2682	0.000015058056443214022
2684	0.000015091724295748176
2686	0.000015126434726404852
2688	0.000015162218945178683
2690	0.000015199109562690381
2692	0.000015237140667642275
2694	0.00001527634790941171
2696	0.00001531676858618053
2698	0.00001535844173903413
2700	0.000015401408252502717
2702	0.000015445710962060385
2704	0.000015491394769145004
2706	0.000015538506764314295
2708	0.000015587096359211522
2710	0.000015637215428078055
2712	0.00001568891845962131
2714	0.000015742262720125334
2716	0.000015797308428778568
2718	0.00001585411894629101
2720	0.000015912760977980932
2722	0.000015973304792632462
2724	0.000016035824458559828
2726	0.000016100398098465107
2728	0.000016167108164844705
2730	0.000016236041737889236
2732	0.00001630729084803349
2734	0.00001638095282555208
2736	0.000016457130679864935
2738	0.000016535933511520204
2740	0.000016617476960164185
2742	0.000016701883692195647
2744	0.00001678928393224089
2746	0.000016879816043084647
2748	0.000016973627159259064
2750	0.000017070873880139476
2752	0.000017171723029134047
2754	0.000017276352486398565
2756	0.000017384952103476485
2758	0.000017497724709376526
2760	0.000017614887218881365
2762	0.000017736671855359413
2764	0.000017863327502061896
2766	0.000017995121197870746
2768	0.000018132339795767832
2770	0.000018275291804983524
2772	0.000018424309440921978
2774	0.000018579750910640627
2776	0.00001874200296598582
2778	0.000018911483761584196
2780	0.00001908864606091767
2782	0.000019273980840860382
2784	0.00001946802135356795
2786	0.000019671347714775852
2788	0.000019884592099752157
2790	0.00002010844464281693
2792	0.000020343660154060924
2794	0.000020591065788394782
2796	0.00002085156982825432
2798	0.00002112617177334959
2800	0.000021415973970275214
2802	0.00002172219506353258
2804	0.000022046185610060242
2806	0.000022389446275004187
2808	0.00002275364912149189
2810	0.000023140662627301643
2812	0.00002355258121414407
2814	0.00002399176027100901
2816	0.00002446085790551676
2818	0.00002496288498536136
2820	0.000025501265461827737
2822	0.00002607990953532366
2824	0.000026703302979980787
2826	0.000027376616963286222
2828	0.000028105844081870754
2830	0.000028897968238046398
2832	0.000029761178627593845
2834	0.000030705141832565933
2836	0.00003174135132116423
2838	0.00003288358133136952
2840	0.00003414848337798873
2842	0.00003555638041922211
2844	0.000037132339214948444
2846	0.00003890764102706491
2848	0.000040921835704256864
2850	0.000043225690508311486
2852	0.00004588571048004218
2854	0.00004899242941405551
2856	0.000052681349854661435
2858	0.00005720047942787235
2860	0.00006313063098186038
2862	0.0000720035296692981
2864	0.00008765453757184241
2866	0.00011825132256443831
2868	0.0001774864676791426
2870	0.000281476922784821
2872	0.0004385131849823989
2874	0.0006348071619594157
2876	0.0008263770120086688
2878	0.0009490244001294027
2880	0.0009653581285581651
2882	0.0009212727789421524
2884	0.0009123744312661454
2886	0.0010094068178561344
2888	0.0012199250897695902
2890	0.0014851593432402197
2892	0.0017162557027471936
2894	0.001881634477282701
2896	0.002051939895314905
2898	0.002314662396840762
2900	0.0026923010445618523
2902	0.0031035222727902826
2904	0.003351852017571439
2906	0.0032393722858286085
2908	0.002781852728641652
2910	0.002213379164254736
2912	0.0017939713560839257
2914	0.0016741642682243133
2916	0.0018487931777842837
2918	0.002170519198562677
2920	0.0024106380956258767
2922	0.002387690241789622
2924	0.002118873081946543
2926	0.0017615628214668062
2928	0.0014529290918463523
2930	0.0012576936698720262
2932	0.0011740981520324731
2934	0.0011573416083609117
2936	0.0011777530224472222
2938	0.0012657562679188631
2940	0.0014699365837584507
2942	0.0017918613667399026
2944	0.002160827067344569
2946	0.0024638908834214777
2948	0.0025989803241219913
2950	0.0025402535631972247
2952	0.0023824531098794485
2954	0.002240434817661923
2956	0.00217271769044942
2958	0.002214725596109048
2960	0.0023865773530203087
2962	0.0026526573826091745
2964	0.0029198178250169704
2966	0.003065820775127553
2968	0.0030415451089850364
2970	0.002887649045209409
2972	0.002610963599341568
2974	0.002184646846902729
2976	0.0016611963012112976
2978	0.001157163971458166
2980	0.0007641212226264655
2982	0.0005226576203705063
2984	0.0004289602431717879
2986	0.0004500468569800561
2988	0.0005362975764495724
2990	0.0006273060414572837
2992	0.0006607673084093078
2994	0.0006043747073428373
2996	0.0004828258398915945
2998	0.00034559848899770677
3000	0.00022962846766034822
3002	0.00014960717140117714
3004	0.0001025329247473294
3006	0.00007771501066002891
3008	0.00006498741244960921
3010	0.0000578822641785513
3012	0.00005322186515110511
3014	0.00004970248757682651
3016	0.00004683112693018197
3018	0.000044405856906521285
3020	0.00004232203101822605
3022	0.00004051167608407068
3024	0.00003892520426298791
3026	0.000037524711270586945
3028	0.000036280554821618876
3030	0.00003516917976839312
3032	0.00003417161376322329
3034	0.00003327239195704839
3036	0.00003245877296513887
3038	0.00003172015774377335
3040	0.0000310476524473433
3042	0.00003043373511712468
3044	0.00002987199836925682
3046	0.000029356948478730707
3048	0.00002888384684716121
3050	0.00002844858370009325
3052	0.000028047576560703017
3054	0.000027677687963805467
3056	0.00002733615825210265
3058	0.00002702055029905803
3060	0.000026728703740226936
3062	0.000026458696843094776
3064	0.000026208814557066387
3066	0.00002597752159714094
3068	0.000025763439653219193
3070	0.000025565328000739196
3072	0.00002538206693105711
3074	0.000025212643531657333
3076	0.000025056139434253882
3078	0.000024911720218612494
3080	0.000024778626215594535
3082	0.000024656164497608706
3084	0.00002454370188072313
3086	0.000024440658791956652
3088	0.000024346503879134594
3090	0.000024260749260252598
3092	0.000024182946325391807
3094	0.000024112682017540397
3096	0.00002404957552972844
3098	0.000023993275365095443
3100	0.00002394345671421855
3102	0.000023899819110502847
3104	0.000023862084329890886
3106	0.00002382999450576137
3108	0.000023803310433800243
3110	0.000023781810044957233
3112	0.000023765287027442474
3114	0.000023753549581150382
3116	0.000023746419289985127
3118	0.00002374373009935862
3120	0.00002374532738768145
3122	0.000023751067122007852
3124	0.00002376081508915722
3126	0.000023774446194644935
3128	0.00002379184382263397
3130	0.000023812899250886464
3132	0.0000238375111153654
3134	0.000023865584919724607
3136	0.000023897032585441715
3138	0.000023931772038802908
3140	0.00002396972683134873
3142	0.000024010825790743453
3144	0.000024055002699343484
3146	0.000024102195998016906
3148	0.00002415234851301205
3150	0.000024205407203891797
3152	0.00002426132293074413
3154	0.00002432005023905341
3156	0.000024381547160771162
3158	0.00002444577503026393
3160	0.00002451269831393938
3162	0.00002458228445246309
3164	0.000024654503714578157
3166	0.000024729329061629528
3168	0.000024806736021975497
3170	0.000024886702574541827
3172	0.000024969209040839344
3174	0.000025054237984825437
3176	0.000025141774120043297
3178	0.00002523180422352164
3180	0.00002532431705596134
3182	0.000025419303287775846
3184	0.000025516755430588253
3186	0.00002561666777382109
3188	0.000025719036326045157
3190	0.000025823858760780965
3192	0.000025931134366471667
3194	0.000026040864000368952
3196	0.000026153050046094864
3198	0.000026267696374661085
3200	0.000026384808308745326
3202	0.000026504392590040408
3204	0.000026626457349506545
3206	0.000026751012080370916
3208	0.000026878067613731355
3210	0.000027007636096632467
3212	0.000027139730972493342
3214	0.000027274366963775766
3216	0.000027411560056791263
3218	0.000027551327488553648
3220	0.000027693687735591655
3222	0.00002783866050464373
3224	0.00002798626672516381
3226	0.000028136528543573335
3228	0.000028289469319200652
3230	0.000028445113621854787
3232	0.000028603487230985498
3234	0.000028764617136386693
3236	0.000028928531540404934
3238	0.00002909525986161899
3240	0.000029264832739960782
3242	0.00002943728204325169
3244	0.000029612640875132396
3246	0.00002979094358436768
3248	0.000029972225775510907
3250	0.000030156524320916786
3252	0.000030343877374093463
3254	0.00003053432438438863
3256	0.00003072790611300685
3258	0.00003092466465035858
3260	0.00003112464343474374
3262	0.00003132788727237594
3264	0.00003153444235875558
3266	0.00003174435630140325
3268	0.00003195767814396699
3270	0.00003217445839172013
3272	0.00003239474903846823
3274	0.00003261860359488724
3276	0.000032846077118316504
3278	0.00003307722624403391
3280	0.00003331210921804195
3282	0.00003355078593139744
3284	0.000033793317956118994
3286	0.000034039768582710134
3288	0.0000342902028593381
3290	0.00003454468763271158
3292	0.00003480329159070312
3294	0.00003506608530676562
3296	0.00003533314128619463
3298	0.00003560453401429183
3300	0.00003588034000648836
3302	0.000036160637860489463
3304	0.000036445508310506494
3306	0.0000367350342836446
3308	0.000037029300958519405
3310	0.00003732839582617915
3312	0.000037632408753413036
3314	0.000037941432048531
3316	0.00003825556052970411
3318	0.00003857489159595989
3320	0.00003889952530093123
3322	0.00003922956442946308
3324	0.000039565114577185974
3326	0.00003990628423317114
3328	0.00004025318486578799
3330	0.00004060593101189027
3332	0.00004096464036946426
3334	0.000041329433893878404
3336	0.000041700435897881494
3338	0.0000420777741555032
3340	0.00004246158001001913
3342	0.000042851988486150545
3344	0.000043249138406677204
3346	0.00004365317251365153
3348	0.0000440642375944111
3350	0.00004448248461259729
3352	0.000044908068844397615
3354	0.00004534115002024166
3356	0.00004578189247219114
3358	0.00004623046528727807
3360	0.00004668704246705761
3362	0.00004715180309365631
3364	0.000047624931502611255
3366	0.00004810661746281101
3368	0.0000485970563638659
3370	0.00004909644941125255
3372	0.00004960500382959581
3374	0.00005012293307447114
3376	0.00005065045705313099
3378	0.000051187802354580484
3380	0.000051735202489451305
3382	0.00005229289814014702
3384	0.00005286113742175942
3386	0.0000534401761542831
3388	0.000054030278146685
3390	0.000054631715493416955
3392	0.000055244768883992324
3394	0.000055869727926283686
3396	0.00005650689148423509
3398	0.00005715656803072378
3400	0.00005781907601634725
3402	0.00005849474425495833
3404	0.00005918391232681752
3406	0.00005988693100028503
3408	0.000060604162673028074
3410	0.00006133598183377831
3412	0.00006208277554573646
3414	0.00006284494395278723
3416	0.0000636229008097591
3418	0.00006441707403803895
3420	0.00006522790630793288
3422	0.00006605585564925068
3424	0.00006690139609168448
3426	0.00006776501833665117
3428	0.00006864723046237376
3430	0.00006954855866409127
3432	0.00007046954803140772
3434	0.00007141076336492219
3436	0.000072372790034421
3438	0.00007335623488106415
3440	0.00007436172716615882
3442	0.00007538991956928681
3444	0.00007644148923873796
3446	0.00007751713889740334
3448	0.00007861759800749575
3450	0.00007974362399769919
3452	0.00008089600355659644
3454	0.0000820755539964952
3456	0.00008328312469206263
3458	0.00008451959859849133
3460	0.00008578589385425841
3462	0.00008708296547390452
3464	0.00008841180713665415
3466	0.0000897734530771259
3468	0.00009116898008484361
3470	0.0000925995096197589
3472	0.00009406621005153842
3474	0.00009557029903095699
3476	0.00009711304600237433
3478	0.00009869577486696733
3480	0.00010031986680713993
3482	0.0001019867632833516
3484	0.0001036979692154947
3486	0.0001054550563619191
3488	0.00010725966691025769
3490	0.00010911351729535688
3492	0.0001110184022608712
3494	0.00011297619918245156
3496	0.00011498887267195426
3498	0.00011705847948373663
3500	0.00011918717374589646
3502	0.00012137721254127814
3504	0.0001236309618652199
3506	0.00012595090298938026
3508	0.0001283396392635758
3510	0.00013079990339041566
3512	0.0001333345652106542
3514	0.0001359466400406413
3516	0.0001386392976070564
3518	0.00014141587162831676
3520	0.0001442798700966897
3522	0.00014723498632027057
3524	0.0001502851107896651
3526	0.00015343434394050353
3528	0.00015668700988988847
3530	0.0001600476712326207
3532	0.00016352114499164987
3534	0.00016711251982677106
3536	0.00017082717461624846
3538	0.00017467079853793882
3540	0.00017864941278976297
3542	0.00018276939410421058
3544	0.00018703750022817724
3546	0.0001914608975580421
3548	0.00019604719114078725
3550	0.0002008044572754268
3552	0.000205741278975427
3554	0.00021086678458255383
3556	0.00021619068985616726
3558	0.00022172334389992433
3560	0.00022747577933080376
3562	0.00023345976714404432
3564	0.00023968787678285954
3566	0.0002461735419846397
3568	0.0002529311330469453
3570	0.0002599760362382769
3572	0.0002673247411719788
3574	0.00027499493706854074
3576	0.0002830056189542194
3578	0.0002913772049848663
3580	0.0003001316662462035
3582	0.0003092926705691263
3584	0.00031888574211524765
3586	0.00032893843873893036
3588	0.00033948054942359356
3590	0.0003505443144294233
3592	0.0003621646711855218
3594	0.0003743795294225418
3596	0.00038723007958467085
3598	0.0004007611391978543
3600	0.0004150215426230453
3602	0.00043006458051177615
3604	0.0004459484963342548
3606	0.00046273704860153183
3608	0.00048050014889495954
3610	0.0004993145875998609
3612	0.000519264861380109
3614	0.0005404441190058825
3616	0.0005629552452576847
3618	0.000586912106400638
3620	0.000612440985311182
3622	0.0006396822399425074
3624	0.0006687922256879664
3626	0.0006999455306660726
3628	0.0007333375834207007
3630	0.0007691877055401225
3632	0.000807742697941862
3634	0.0008492810699514475
3636	0.0008941180460090236
3638	0.0009426115174359665
3640	0.0009951691482674725
3642	0.001052256897494371
3644	0.0011144092889151121
3646	0.0011822418492776487
3648	0.001256466252470117
3650	0.0013379088618269512
3652	0.00142753356755057
3654	0.0015264700906191914
3656	0.0016360492950247643
3658	0.0017578475549444642
3660	0.001893742917752425
3662	0.0020459867684951365
3664	0.002217296056349608
3666	0.002410973068266887
3668	0.002631062502433178
3670	0.0028825596250629153
3672	0.003171689246543973
3674	0.003506284173220408
3676	0.0038963053714151695
3678	0.004354567128688191
3680	0.004897764014652196
3682	0.005547953888054106
3684	0.0063347758229065285
3686	0.007299098751707579
3688	0.008500642464962288
3690	0.010040077932253672
3692	0.012134521788163488
3694	0.01536112515085887
3696	0.02131037271617298
3698	0.03391745809875747
3700	0.061218165351210274
3702	0.11580494572603499
3704	0.2107692421535147
3706	0.34937408251128477
3708	0.5126017425085133
3710	0.653576840501581
3712	0.7097478278141612
3714	0.6488667103514746
3716	0.505673305799604
3718	0.34272969720168533
3720	0.20579102736738414
3722	0.11273061887483564
3724	0.05959845989460177
3726	0.03315419658220055
3728	0.02096048275744108
3730	0.015184885107026978
3732	0.012028271553726709
3734	0.009965240589931196
3736	0.00844332516122841
3738	0.007253509955450645
3740	0.0062977864641744485
3742	0.0055175157978349185
3744	0.0048724178479989414
3746	0.004333236837096687
3748	0.003878182211969157
3750	0.0034907511722636845
3752	0.003158269478288469
3754	0.002870879972075105
3756	0.0026208278359590286
3758	0.0024019475792052794
3760	0.00220928957242681
3762	0.002038844599402984
3764	0.0018873382304658262
3766	0.001752075586609261
3768	0.001630822916147831
3770	0.0015217163714267461
3772	0.0014231910972916544
3774	0.0013339256386583611
3776	0.0012527980096349027
3778	0.0011788507177261252
3780	0.0011112627214413754
3782	0.00104932679767755
3784	0.0009924311609439632
3786	0.0009400444474273775
3788	0.0008917033793320713
3790	0.0008470025774083377
3792	0.0008055861053107376
3794	0.0007671404179001484
3796	0.0007313884537065936
3798	0.0006980846645368742
3800	0.0006670108163510456
3802	0.0006379724277977912
3804	0.000610795738248706
3806	0.0005853251173542601
3808	0.0005614208442329431
3810	0.00053895719729395
3812	0.0005178208060683302
3814	0.0004979092248123015
3816	0.0004791296944592393
3818	0.00046139806505298884
3820	0.00044463785534471753
3822	0.0004287794299753309
3824	0.0004137592777511527
3826	0.00039951937707566137
3828	0.0003860066367231881
3830	0.000373172401910507
3832	0.00036097201710270325
3834	0.0003493644382317946
3836	0.0003383118880518317
3838	0.0003277795492363595
3840	0.0003177352905707357
3842	0.00030814942222540424
3844	0.00029899447663535555
3846	0.00029024501197090095
3848	0.0002818774355781923
3850	0.00027386984510504556
3852	0.00026620188531730843
3854	0.00025885461886045435
3856	0.00025181040943637797
3858	0.0002450528160515538
3860	0.00023856649715409483
3862	0.00023233712361737428
3864	0.00022635129964980775
3866	0.0002205964908166816
3868	0.00021506095845275284
3870	0.00020973369982556223
3872	0.00020460439348060156
3874	0.0001996633492619741
3876	0.00019490146255715996
3878	0.00019031017236291735
3880	0.0001858814228120714
3882	0.000181607627838688
3884	0.00017748163869254048
3886	0.0001734967140433787
3888	0.00016964649244178887
3890	0.00016592496692678687
3892	0.00016232646159107164
3894	0.0001588456099333897
3896	0.00015547733484399032
3898	0.00015221683008392116
3900	0.0001490595431321256
3902	0.0001460011592861381
3904	0.0001430375869127871
3906	0.0001401649437548432
3908	0.0001373795442081166
3910	0.00013467788749121296
3912	0.00013205664663710242
3914	0.00012951265824191657
3916	0.00012704291291204203
3918	0.0001246445463556872
3920	0.00012231483106971998
3922	0.00012005116857675987
3924	0.00011785108217130025
3926	0.00011571221013707794
3928	0.00011363229940103268
3930	0.00011160919959203959
3932	0.00010964085747518225
3934	0.00010772531173468685
3936	0.00010586068808078273
3938	0.00010404519465771123
3940	0.00010227711773189023
3942	0.0001005548176408734
3944	0.00009887672498523533
3946	0.00009724133704687961
3948	0.00009564721441851593
3950	0.00009409297783020019
3952	0.00009257730515988115
3954	0.00009109892861586323
3956	0.00008965663207998075
3958	0.0000882492486010939
3960	0.00008687565802926581
3962	0.00008553478478167093
3964	0.00008422559573191873
3966	0.00008294709821506442
3968	0.00008169833814111689
3970	0.00008047839821035389
3972	0.00007928639622421437
3974	0.00007812148348596365
3976	0.00007698284328572051
3978	0.00007586968946479972
3980	0.00007478126505465977
3982	0.00007371684098605881
3984	0.00007267571486431072
3986	0.00007165720980680143
3988	0.0000706606733391752
3990	0.00006968547634683155
3992	0.00006873101207858793
3994	0.00006779669519956419
3996	0.00006688196089052864
3998	0.00006598626399112021
4000	0.00006510907818452064
